13767883	MAG	20.713806	0.9963989	-39.735413
13767450	ACC	-0.25402832	0.72424316	10.129028
13767470	ACC	-0.18218994	0.63327026	10.109879
13767490	ACC	-0.19895935	0.6572113	9.750748
13767511	ACC	-0.17979431	0.688324	9.841721
13767531	ACC	-0.08882141	0.7362213	9.846512
13767551	ACC	-0.2157135	0.67396545	10.306198
13767571	ACC	-0.08882141	0.51594543	10.567169
13767591	ACC	-0.1295166	0.52552795	10.145782
13767611	ACC	-0.20613098	0.55903625	9.652588
13767631	ACC	-0.21810913	0.6069336	9.458649
13767651	ACC	-0.11515808	0.57580566	9.8728485
13767672	ACC	-0.02418518	0.5279236	9.935089
13767692	ACC	-0.13430786	0.4920044	9.906372
13767712	ACC	-0.19656372	0.5015869	9.674133
13767732	ACC	-0.27796936	0.5398865	9.915939
13767752	ACC	-0.14868164	0.43693542	10.603073
13767772	ACC	0.018920898	0.2789154	10.82814
13767792	ACC	0.0476532	0.33877563	10.277466
13767813	ACC	-0.0050201416	0.41059875	9.609482
13767833	ACC	-0.07684326	0.4560852	9.46344
13767853	ACC	-0.07206726	0.46566772	9.726807
13767873	ACC	-0.07206726	0.40820312	10.045227
13767900	GYR	0.07527161	-0.0033416748	-0.0093688965
13767983	MAG	19.676208	1.3198853	-37.979126
13767959	ACC	-0.19177246	0.50038147	9.555618
13767979	ACC	-0.03137207	0.44651794	9.921936
13768083	MAG	20.401001	1.2878418	-40.48462
13767986	GYR	-0.0038757324	-0.047164917	-0.0035552979
13767999	ACC	-0.020599365	0.4692688	9.965027
13768020	ACC	0.0021514893	0.5817871	9.656174
13768040	ACC	-0.07923889	0.628479	9.767502
13768060	ACC	-0.06967163	0.65242004	10.065582
13768080	ACC	-0.094818115	0.707489	9.974609
13768087	GYR	-0.015335083	-0.018615723	-0.014526367
13768183	MAG	19.64264	2.8152466	-40.093994
13768100	ACC	-0.10798645	0.6763611	9.939896
13768121	ACC	-0.116363525	0.61531067	10.108688
13768141	ACC	-0.06488037	0.5793915	9.844116
13768161	ACC	-0.08882141	0.6177063	9.742371
13768181	ACC	-0.0050354004	0.4441223	10.101501
13768201	ACC	0.02848816	0.31604004	10.580338
13768283	MAG	19.644165	0.97198486	-40.77301
13768188	GYR	-0.020019531	0.033691406	-0.01927185
13768222	ACC	0.087142944	0.23942566	10.660538
13768242	ACC	0.115875244	0.28251648	10.091919
13768262	ACC	0.07637024	0.3555298	9.765121
13768282	ACC	-0.02178955	0.27653503	9.95665
13768302	ACC	-0.028961182	0.14964294	10.11467
13768383	MAG	21.751404	1.2863159	-41.21399
13768289	GYR	0.04257202	0.07118225	-0.027252197
13768323	ACC	-0.027770996	0.18914795	9.994949
13768343	ACC	-0.075653076	0.23223877	9.757935
13768363	ACC	-0.082839966	0.26216125	9.500549
13768383	ACC	-0.092422485	0.37709045	9.451462
13768403	ACC	-0.18339539	0.49440002	9.335358
13768483	MAG	20.996094	1.2817383	-41.218567
13768390	GYR	0.11618042	0.021057129	-0.012619019
13768424	ACC	-0.37254333	0.73861694	9.247955
13768444	ACC	-0.5844269	0.8966217	9.379639
13768464	ACC	-0.6993408	0.9840088	9.744751
13768484	ACC	-0.76997375	1.1911163	9.822571
13768504	ACC	-0.7831421	1.4125824	9.674133
13768583	MAG	21.603394	1.1383057	-40.914917
13768491	GYR	0.11581421	0.018875122	0.066329956
13768525	ACC	-0.8549652	1.6041107	9.832153
13768545	ACC	-0.6969452	1.3527222	9.431122
13768565	ACC	-0.8920746	1.450882	9.013336
13768585	ACC	-0.65504456	1.5861664	8.644623
13768605	ACC	-0.3821106	1.5203094	8.724838
13768683	MAG	20.095825	0.82092285	-40.91339
13768592	GYR	0.031433105	-0.1581726	0.10371399
13768626	ACC	-0.063690186	1.5825653	9.1210785
13768646	ACC	0.2583313	1.5873566	9.743561
13768666	ACC	0.556427	1.6891022	10.360077
13768686	ACC	0.20565796	1.9596558	9.987778
13768706	ACC	0.5779724	2.1404114	9.77948
13768727	ACC	0.86286926	2.1176758	9.71962
13768783	MAG	20.407104	0.98876953	-40.031433
13768693	GYR	-0.09831238	0.1749878	-0.055755615
13768794	GYR	-0.17288208	-0.17201233	-0.1355896
13768747	ACC	0.36967468	2.2325897	9.486191
13768767	ACC	0.3660736	2.5019379	9.774689
13768787	ACC	0.734787	2.6036987	10.401962
13768807	ACC	0.7096405	2.553421	10.299011
13768828	ACC	0.32418823	2.3774414	9.643005
13768883	MAG	18.728638	3.414917	-40.41443
13768895	GYR	-0.11392212	-0.11752319	0.084121704
13768848	ACC	0.33854675	2.300827	9.596329
13768868	ACC	-0.06846619	2.4408875	10.160156
13768888	ACC	-0.2217102	2.5953064	10.072769
13768908	ACC	-0.2947235	2.5713654	9.1091
13768929	ACC	0.2619171	2.402588	8.126282
13768949	ACC	0.2906494	2.185913	8.496185
13768983	MAG	17.068481	3.0960083	-40.560913
13768996	GYR	-0.11706543	-0.12019348	0.02420044
13768969	ACC	0.65696716	1.9225464	9.208466
13768989	ACC	1.0137177	1.8603058	9.161774
13769009	ACC	1.0783539	1.9476929	9.202484
13769030	ACC	1.3273468	2.019516	9.731598
13769050	ACC	1.591919	1.9871979	10.544434
13769083	MAG	17.965698	3.7063599	-41.018677
13769097	GYR	-0.116363525	0.24157715	0.01902771
13769070	ACC	1.2363739	1.960846	10.956223
13769090	ACC	0.937088	1.8578949	10.597092
13769110	ACC	0.52290344	1.612503	10.922714
13769131	ACC	-0.06008911	1.4245453	12.041992
13769151	ACC	-0.5078125	0.93014526	12.2682495
13769183	MAG	17.07611	3.8742065	-39.552307
13769283	MAG	17.81311	6.4697266	-39.927673
13769198	GYR	-0.33570862	-0.14033508	0.1652832
13769171	ACC	-0.9303894	1.0953522	11.515274
13769191	ACC	-0.5449219	0.67037964	10.904755
13769211	ACC	0.012924194	-0.38786316	11.255508
13769232	ACC	0.36846924	-1.1791534	13.334869
13769252	ACC	0.33016968	-1.6053162	15.197556
13769272	ACC	-0.063690186	-1.1564026	14.985672
13769383	MAG	17.507935	5.3878784	-40.63263
13769299	GYR	0.28347778	0.3466034	0.19645691
13769292	ACC	-1.0153809	-0.67037964	12.245499
13769312	ACC	-1.8306122	-0.25978088	10.004532
13769333	ACC	-2.0640411	0.02154541	9.411957
13769353	ACC	-1.684555	0.2166748	9.079178
13769373	ACC	-1.4128113	0.6667938	7.9120026
13769400	GYR	0.29188538	0.07778931	0.21339417
13769483	MAG	18.580627	-0.119018555	-41.77704
13769393	ACC	-1.1650238	0.786499	6.8717194
13769413	ACC	-0.81427	0.920578	6.641876
13769434	ACC	-0.48387146	0.90501404	6.8681335
13769454	ACC	-0.26359558	0.9313507	7.0069885
13769474	ACC	-0.16783142	1.2054749	6.7053223
13769583	MAG	16.319275	-0.13122559	-41.49475
13769501	GYR	0.06643677	-0.19699097	0.22265625
13769494	ACC	-0.20014954	1.4101868	6.851364
13769514	ACC	0.19248962	1.6496124	7.343384
13769535	ACC	0.6090851	2.153595	7.945526
13769555	ACC	0.7132416	2.443283	8.411194
13769575	ACC	0.39720154	2.4337006	9.110291
13769683	MAG	17.520142	1.2512207	-41.532898
13769602	GYR	-0.037384033	0.11203003	0.09146118
13769595	ACC	0.03567505	2.197876	10.13382
13769615	ACC	0.048843384	1.8962097	10.811371
13769636	ACC	-0.12953186	1.6783447	10.933487
13769656	ACC	-0.05291748	1.3084412	12.263458
13769676	ACC	-0.3605652	1.2545624	12.832092
13769783	MAG	14.03656	0.74920654	-42.71698
13769703	GYR	0.08187866	-0.53271484	-0.17367554
13769696	ACC	-0.75201416	0.8954315	10.665329
13769716	ACC	-0.44676208	0.7386017	10.100296
13769737	ACC	0.14700317	0.2741394	11.827713
13769757	ACC	0.442688	-1.1025391	13.162491
13769777	ACC	0.7383728	-1.9656525	14.771393
13769797	ACC	0.5791626	-1.5047607	16.274948
13769883	MAG	14.793396	0.2975464	-42.69867
13769804	GYR	0.029403687	0.17616272	-0.3040161
13769817	ACC	0.45585632	-0.5662384	13.181641
13769838	ACC	0.39959717	-0.19873047	8.579987
13769858	ACC	0.39241028	-0.034729004	7.3002777
13769878	ACC	0.5755768	-0.2406311	7.7695465
13769898	ACC	0.6150665	-0.06704712	8.374084
13769983	MAG	16.903687	0.0015258789	-43.119812
13769905	GYR	-0.20036316	0.15353394	-0.26571655
13769918	ACC	0.4582672	0.30047607	8.392044
13769939	ACC	0.31700134	0.5231323	8.151413
13769959	ACC	0.29304504	0.6428375	7.767151
13769979	ACC	0.27868652	0.8595123	7.5480804
13769999	ACC	0.37086487	0.8643036	6.9974213
13770019	ACC	0.36846924	1.074997	6.1175385
13770083	MAG	16.757202	-0.14801025	-42.82074
13770006	GYR	0.073776245	-0.10336304	-0.055007935
13770040	ACC	0.4810028	1.1731567	5.969101
13770060	ACC	0.60549927	1.3108215	6.5760345
13770080	ACC	0.9825897	1.5035553	7.8952484
13770100	ACC	0.8233795	1.5131378	9.037277
13770120	ACC	0.8341522	1.821991	9.409576
13770183	MAG	16.137695	-0.3250122	-44.14673
13770107	GYR	0.08325195	-0.10346985	0.026535034
13770141	ACC	1.0149078	1.9428864	10.026077
13770161	ACC	0.67852783	1.3982086	12.508865
13770181	ACC	0.6270447	1.1025391	14.830048
13770283	MAG	18.75	-3.6315918	-41.812134
13770208	GYR	0.45669556	0.47364807	0.16416931
13770201	ACC	1.1250458	1.0761871	13.57309
13770221	ACC	0.8832245	0.8882446	11.069946
13770242	ACC	1.7056427	1.2653351	9.986572
13770262	ACC	-0.79989624	0.04548645	11.241135
13770282	ACC	-2.162201	-1.8052368	13.365997
13770383	MAG	20.843506	-1.0269165	-42.326355
13770309	GYR	-0.22544861	0.15208435	-0.047927856
13770302	ACC	-1.7779236	-2.3571014	14.551117
13770322	ACC	-1.2907257	-1.367096	13.939407
13770343	ACC	-1.9874268	-0.21308899	11.57872
13770363	ACC	-2.1514282	0.70988464	8.587173
13770383	ACC	-2.0748138	0.89782715	7.5361023
13770403	ACC	-1.6282959	0.51116943	8.794266
13770483	MAG	18.867493	-0.59661865	-43.237305
13770410	GYR	-0.16281128	-0.48168945	0.09120178
13770423	ACC	-0.7424469	0.38067627	9.690903
13770444	ACC	-0.43717957	0.5973511	9.28627
13770464	ACC	-0.111572266	0.6979065	8.715256
13770484	ACC	0.09791565	0.7948761	7.8964386
13770504	ACC	-0.03375244	0.84754944	7.32901
13770583	MAG	18.104553	-0.6134033	-43.97888
13770511	GYR	0.06718445	0.03656006	0.22595215
13770524	ACC	-0.22410583	0.8678894	7.2799377
13770545	ACC	-0.47309875	0.90501404	7.313446
13770565	ACC	-0.8477936	0.99838257	7.2404327
13770585	ACC	-1.126709	1.2066803	7.5133667
13770605	ACC	-0.8813019	1.2904816	8.526108
13770625	ACC	-0.29592896	1.8674774	9.663361
13770683	MAG	19.793701	-3.640747	-42.985535
13770612	GYR	0.3788147	-1.9836426E-4	0.22058105
13770646	ACC	-0.2109375	1.8914185	9.622665
13770666	ACC	-0.13311768	2.2589264	9.605896
13770686	ACC	0.091934204	2.1882935	10.443878
13770706	ACC	0.477417	1.9500732	11.218399
13770726	ACC	0.93470764	2.0231018	11.4422455
13770713	GYR	0.25274658	-0.041519165	0.0024108887
13770783	MAG	18.119812	-4.5913696	-44.441223
13770747	ACC	1.1729279	2.0602112	10.506119
13770767	ACC	1.0603943	1.6460114	10.308594
13770787	ACC	1.0532227	0.67277527	11.648163
13770807	ACC	0.98617554	-1.1827393	14.571472
13770827	ACC	0.69169617	-1.1731567	17.558243
13770848	ACC	0.25115967	-0.40821838	16.709488
13770883	MAG	18.405151	-1.8447876	-44.67621
13770814	GYR	-0.46626282	0.34931946	-0.37911987
13770915	GYR	0.43745422	-0.63694763	-0.48350525
13770868	ACC	0.012924194	0.46687317	12.008484
13770888	ACC	0.23918152	0.7912903	7.7934875
13770908	ACC	0.7886505	0.9109955	5.818268
13770928	ACC	1.1334229	0.74938965	5.8601685
13770949	ACC	1.347702	0.5973511	7.3218384
13770983	MAG	19.77539	-1.8188477	-43.63556
13771083	MAG	17.805481	-1.689148	-44.241333
13771016	GYR	-0.35935974	0.25382996	-0.23956299
13770969	ACC	1.4745941	0.70269775	8.0221405
13770989	ACC	0.7922516	0.8152313	8.024521
13771009	ACC	0.36367798	1.019928	7.1925354
13771029	ACC	-0.12953186	1.1743469	6.562866
13771050	ACC	-0.41923523	1.162384	6.796295
13771070	ACC	-0.43478394	1.1061249	7.593567
13771117	GYR	-0.08479309	-0.19897461	0.01663208
13771184	MAG	16.90216	-0.30822754	-43.40515
13771090	ACC	-0.18818665	1.1097107	8.728424
13771110	ACC	-0.087631226	1.2677307	9.432312
13771130	ACC	0.20326233	1.6196747	9.766312
13771151	ACC	0.20446777	2.0063324	9.982986
13771171	ACC	0.23199463	2.3726501	10.15657
13771283	MAG	17.791748	0.6011963	-44.314575
13771218	GYR	0.24438477	0.0058898926	0.25402832
13771191	ACC	0.16854858	2.4337158	10.695267
13771211	ACC	0.2403717	2.285263	11.283035
13771231	ACC	0.37445068	2.0661926	11.617035
13771252	ACC	0.50852966	1.4281311	11.306976
13771272	ACC	-0.13072205	0.35913086	11.35965
13771383	MAG	16.615295	-1.5213013	-42.630005
13771319	GYR	-0.22268677	-0.16668701	0.15629578
13771292	ACC	-0.33781433	-0.4477234	13.533585
13771312	ACC	0.32896423	-1.2880859	16.116928
13771332	ACC	0.47860718	-1.4221649	16.787308
13771353	ACC	-0.23008728	-0.667984	14.200363
13771373	ACC	-1.3888702	0.3327942	10.121841
13771393	ACC	-2.1490326	0.73501587	7.349365
13771483	MAG	17.532349	-3.805542	-42.69867
13771420	GYR	-0.0066986084	-0.08099365	0.3150177
13771413	ACC	-1.9275665	0.7517853	7.609131
13771433	ACC	-1.0070038	0.38786316	9.147415
13771454	ACC	-0.27915955	0.44172668	9.467026
13771474	ACC	0.118270874	0.52194214	8.892426
13771494	ACC	0.16615295	0.64045715	8.107117
13771583	MAG	17.951965	-0.77056885	-44.122314
13771521	GYR	-0.08761597	0.4413147	0.2889099
13771514	ACC	0.10749817	0.7697296	7.8557434
13771535	ACC	0.21524048	0.90141296	7.652237
13771555	ACC	0.13023376	1.2545624	6.89447
13771575	ACC	-0.19656372	1.5179291	6.1558533
13771595	ACC	-0.3126831	1.7010803	6.482666
13771615	ACC	0.38523865	1.4616699	8.523712
13771615	GPS	48.712784	2.2018833	243.40387
13771683	MAG	18.86139	-0.91400146	-43.96515
13771622	GYR	0.53370667	-0.5857086	0.20289612
13771635	ACC	0.5456543	1.6388245	10.680893
13771656	ACC	0.36608887	1.8207855	10.755112
13771676	ACC	0.14579773	1.8722687	9.68251
13771696	ACC	0.2870636	1.8279724	9.629837
13771716	ACC	0.7359772	1.9824066	10.678497
13771783	MAG	16.625977	-5.505371	-43.53485
13771723	GYR	0.4826355	0.15011597	0.09291077
13771736	ACC	0.9801941	2.2673035	11.274658
13771757	ACC	0.6114807	2.7640991	10.536041
13771777	ACC	0.87005615	2.5115204	10.0069275
13771797	ACC	1.45784	2.1164703	10.300217
13771817	ACC	1.45784	1.138443	10.969391
13771883	MAG	17.837524	-6.7214966	-43.78357
13771824	GYR	-0.37747192	0.150177	-0.22236633
1624136251526	RSSWIFI	60:d0:2c:23:e5:9c	KLEY Saclay	5580	-77
1624136251526	RSSWIFI	60:d0:2c:11:f3:c8	KLEY Saclay	2432	-82
1624136251526	RSSWIFI	10:b3:d5:b3:12:ce	eduroam	5180	-89
1624136251526	RSSWIFI	10:b3:d5:b3:12:cf	Campus-Telecom	5180	-90
1624136251526	RSSWIFI	84:1b:5e:ab:2e:00	NUMERICABLE-B339	2437	-92
1624136251526	RSSWIFI	10:0d:7f:7a:32:ce	NUMERICABLE-32CA	2472	-92
13771838	ACC	1.3931885	0.18675232	13.124176
13771858	ACC	1.9390717	0.25019836	15.754211
13771878	ACC	2.0563812	0.22624207	15.132919
13771898	ACC	1.5942993	0.12809753	11.941437
13771918	ACC	1.4566345	0.101760864	9.954254
13771938	ACC	1.4674072	0.108932495	9.8680725
13771983	MAG	20.100403	-5.784607	-43.50586
13771925	GYR	-0.053253174	0.06463623	-0.517334
13771959	ACC	0.9694214	0.54467773	10.000946
13771979	ACC	0.32417297	0.9971924	9.036072
13771999	ACC	-0.21931458	1.1551971	7.7767334
13772019	ACC	-0.61076355	1.2629395	6.316269
13772040	ACC	-0.70892334	1.4101868	5.229294
13772083	MAG	19.296265	-2.7786255	-46.26465
13772026	GYR	-0.13800049	0.27944946	-0.34439087
13772060	ACC	-0.61076355	1.5322876	4.8258667
13772080	ACC	-0.33901978	1.6663666	5.301117
13772100	ACC	0.008148193	1.667572	6.1893616
13772120	ACC	0.28466797	1.6340485	6.8250275
13772141	ACC	0.47502136	1.538269	7.660614
13772161	ACC	0.6282501	1.4784241	8.718842
13772183	MAG	20.358276	-3.0715942	-45.954895
13772127	GYR	0.04890442	-0.22384644	-0.17378235
13772181	ACC	0.8281555	1.6891022	9.634628
13772201	ACC	0.758728	1.7369995	10.231979
13772221	ACC	0.4917755	1.5813751	11.055588
13772242	ACC	0.28466797	1.6831207	12.434647
13772262	ACC	0.07397461	1.5610199	13.294174
13772283	MAG	21.566772	-2.9067993	-45.80536
13772228	GYR	0.023880005	-0.002532959	0.07766724
13772383	MAG	18.849182	-3.0822754	-45.962524
13772282	ACC	0.029693604	1.4125824	12.998474
13772302	ACC	-0.13191223	1.4173737	12.227539
13772322	ACC	0.056030273	1.256958	12.493301
13772343	ACC	0.020111084	0.38546753	14.274597
13772363	ACC	-0.14030457	-0.08859253	15.419022
13772329	GYR	-0.033065796	-0.10501099	0.22425842
13772483	MAG	20.344543	-4.3182373	-47.68524
13772430	GYR	0.19789124	0.085876465	0.19006348
13772383	ACC	-0.5161896	0.14245605	13.551544
13772403	ACC	-1.379303	0.18315125	10.676102
13772423	ACC	-2.0173645	0.6967163	8.911575
13772444	ACC	-1.7863159	0.68833923	8.527313
13772464	ACC	-1.3673248	0.509964	8.862503
13772483	GPS	48.712826	2.2018008	234.30475
13772531	GYR	-0.27056885	0.24429321	0.25871277
13772551	MAG	21.884155	-4.33197	-45.196533
13772484	ACC	-0.8441925	0.39144897	8.9474945
13772504	ACC	-0.13909912	0.667984	8.45549
13772524	ACC	0.087142944	0.73262024	7.4810486
13772545	ACC	0.15538025	0.7841034	6.937561
13772565	ACC	0.26072693	0.9385376	6.7891235
13772585	ACC	0.09791565	1.4808197	6.530548
13772651	MAG	22.51587	-5.253601	-45.872498
13772632	GYR	0.1826477	-0.29042053	0.38772583
13772605	ACC	-0.17741394	1.7022705	6.1378937
13772625	ACC	-0.40844727	1.9584503	6.1378937
13772646	ACC	-0.2516327	2.1763306	6.850174
13772666	ACC	0.31700134	2.3750458	7.8174286
13772686	ACC	0.516922	2.3822327	8.618286
13772751	MAG	21.064758	-7.1731567	-46.881104
13772733	GYR	-0.07040405	0.16326904	0.0013427734
13772706	ACC	0.54325867	2.3846283	9.856094
13772726	ACC	0.5695801	2.1128845	11.136993
13772747	ACC	0.9011841	1.9285278	12.512451
13772767	ACC	0.97779846	1.9548645	13.490494
13772787	ACC	0.41874695	1.9129639	13.1098175
13772851	MAG	22.784424	-6.454468	-46.658325
13772834	GYR	-0.048355103	-0.21878052	-0.33650208
13772807	ACC	0.28347778	2.0218964	11.864822
13772827	ACC	0.8353424	1.7800903	11.241135
13772848	ACC	1.2662964	0.5267334	12.410706
13772868	ACC	1.4841766	-0.0287323	15.076645
13772888	ACC	2.0539856	0.37828064	15.914612
13772951	MAG	22.254944	-5.1239014	-47.354126
13772935	GYR	0.2400055	-0.0519104	-0.5859833
13772908	ACC	1.7271881	0.6165161	12.945801
13772928	ACC	1.5512085	0.2849121	9.769897
13772949	ACC	1.5356445	0.0047912598	8.372879
13772969	ACC	1.1944733	-0.25378418	8.7344055
13772989	ACC	0.4307251	0.032318115	9.259933
13773009	ACC	-0.20733643	0.70869446	8.702087
13773051	MAG	23.503113	-4.612732	-46.359253
13773036	GYR	-0.3324585	0.5029907	-0.33522034
13773029	ACC	-0.52815247	1.0845642	7.569626
13773050	ACC	-0.7232971	1.3251953	6.4491425
13773070	ACC	-0.80589294	1.335968	5.886505
13773090	ACC	-0.7424469	1.4137726	5.8278503
13773110	ACC	-0.53533936	1.474823	6.10318
13773151	MAG	25.001526	-3.5369873	-46.769714
13773137	GYR	0.06248474	-0.29112244	-0.09799194
13773130	ACC	-0.2624054	1.529892	6.3509827
13773151	ACC	-0.08404541	1.5813751	6.6562347
13773171	ACC	0.012924194	1.632843	7.502594
13773191	ACC	0.13024902	1.6340332	8.431549
13773211	ACC	0.2906494	1.6544037	9.419159
13773251	MAG	23.57788	-4.38385	-47.488403
13773238	GYR	-0.012084961	-0.2878723	0.17849731
13773231	ACC	0.477417	2.0015564	10.978973
13773252	ACC	0.36846924	2.2110443	12.583084
13773272	ACC	0.024902344	2.1942902	12.811737
13773292	ACC	0.30622864	2.0494385	11.972565
13773312	ACC	0.85928345	1.6508026	11.32373
13773332	ACC	0.97540283	1.0666199	11.922287
13773351	MAG	22.627258	-5.2703857	-49.08905
13773339	GYR	-0.049423218	-0.23002625	0.20529175
13773353	ACC	0.56240845	1.177948	13.591049
13773373	ACC	0.32537842	0.16400146	15.827225
13773393	ACC	0.9143524	-0.26576233	17.29248
13773413	ACC	0.7886658	0.068237305	15.884689
13773433	ACC	-0.68258667	0.05986023	12.204803
13773450	MAG	23.602295	-5.8685303	-48.709106
13773440	GYR	0.34344482	0.61073303	0.199646
13773450	GPS	48.712837	2.201773	229.07758
13773454	ACC	-1.6486511	0.45610046	8.778702
13773474	ACC	-2.4291534	0.63327026	7.17099
13773494	ACC	-2.63266	0.6165161	7.3266144
13773514	ACC	-2.1083374	0.49679565	8.277115
13773534	ACC	-1.260788	0.6476288	8.568008
13773555	ACC	-0.5975952	0.7003021	7.969452
13773550	MAG	25.793457	-7.3669434	-47.88208
13773541	GYR	-0.21858215	0.12956238	0.36972046
13773575	ACC	-0.11994934	0.8164215	7.057266
13773595	ACC	0.070388794	1.0247192	6.1762085
13773615	ACC	0.15179443	1.2198486	5.632721
13773635	ACC	0.07397461	1.4664459	5.5177917
13773656	ACC	0.21403503	1.6196747	5.831436
13773650	MAG	24.443054	-8.596802	-47.761536
13773642	GYR	0.103759766	-0.38479614	0.25460815
13773750	MAG	22.624207	-10.403442	-49.160767
13773676	ACC	0.36727905	1.8231812	6.6909637
13773696	ACC	0.40678406	1.901001	7.6749725
13773716	ACC	0.5648041	1.6555939	8.449493
13773736	ACC	0.6378174	1.9931793	9.081558
13773757	ACC	0.7886505	2.1356354	10.349304
13773777	ACC	1.1166534	1.8483276	11.809753
13773743	GYR	-0.127182	-0.09893799	0.10180664
13773850	MAG	23.248291	-9.243774	-49.54834
13773844	GYR	-0.009796143	0.08833313	-0.26193237
13773797	ACC	1.0651855	1.7405853	13.2798
13773817	ACC	1.1334229	2.0374603	14.006439
13773837	ACC	1.1154633	2.4121552	12.939819
13773858	ACC	1.4398804	1.8626862	11.742722
13773878	ACC	1.4626312	0.11491394	11.818146
13773950	MAG	23.582458	-8.314514	-48.867798
13773945	GYR	0.25881958	0.1698761	-0.35876465
13773898	ACC	1.339325	-1.177948	15.046722
13773918	ACC	1.4985352	-0.69911194	18.547043
13773938	ACC	1.2734833	-0.15562439	16.186356
13773959	ACC	0.5432434	0.15562439	10.246338
13773979	ACC	0.27268982	0.47406006	6.668213
13774050	MAG	24.539185	-8.926392	-47.395325
13774046	GYR	-0.25112915	0.24816895	-0.26071167
13773999	ACC	0.26791382	0.53749084	6.7136993
13774019	ACC	0.2355957	0.6572113	8.199295
13774039	ACC	-0.09361267	0.8439636	8.676956
13774060	ACC	-0.26719666	1.0295105	8.323807
13774080	ACC	-0.5293579	1.2162628	7.40683
13774100	ACC	-0.6873779	1.3539276	6.1211395
13774150	MAG	26.239014	-7.949829	-46.266174
13774147	GYR	0.15953064	-0.18070984	-0.015380859
13774120	ACC	-0.48266602	1.4832153	5.665039
13774140	ACC	-0.20614624	1.5801697	5.9092407
13774161	ACC	0.14700317	1.7022705	6.4539337
13774181	ACC	0.30023193	1.9548645	6.906433
13774201	ACC	0.30262756	2.012329	7.4618835
13774250	MAG	24.066162	-9.655762	-46.902466
13774248	GYR	0.12875366	-0.21334839	0.04449463
13774221	ACC	0.6294403	2.2756958	8.333374
13774241	ACC	0.9502716	2.4337158	8.848129
13774262	ACC	1.1370087	2.5115204	9.549637
13774282	ACC	1.1525726	2.1595764	11.470978
13774302	ACC	0.65219116	1.7333984	13.933411
13774322	ACC	0.63183594	1.6998749	14.096222
13774350	MAG	22.827148	-10.527039	-47.413635
13774349	GYR	0.23320007	0.045776367	0.07687378
13774342	ACC	0.7659149	1.9081726	12.061157
13774363	ACC	0.17333984	1.3886414	10.8137665
13774383	ACC	0.07397461	1.411377	11.418304
13774403	ACC	-0.32704163	0.41778564	13.06073
13774423	ACC	-0.43359375	-0.47764587	14.54393
13774450	MAG	23.596191	-10.473633	-46.199036
13774450	GYR	-0.28388977	0.3952942	0.14100647
13774443	ACC	-0.43478394	-0.38546753	15.201141
13774464	ACC	-0.93995667	0.26934814	13.066711
13774484	ACC	-1.473877	0.9732361	9.216843
13774504	ACC	-1.6929474	1.2856903	7.4762573
13774524	ACC	-1.4283752	1.1444244	7.798279
13774544	ACC	-0.8525696	1.0414734	7.9036255
13774544	GPS	48.712852	2.2017431	229.17072
13774550	MAG	24.143982	-10.15625	-45.733643
13774551	GYR	-0.35775757	-0.18740845	0.1781311
13774565	ACC	-0.29711914	1.1348572	7.5911713
13774585	ACC	0.16375732	1.1109009	7.578003
13774605	ACC	0.36967468	1.1204834	7.6558228
13774625	ACC	0.2751007	1.0474701	7.387665
13774645	ACC	0.01890564	0.96606445	7.2835236
13774650	MAG	24.041748	-9.494019	-46.347046
13774652	GYR	-0.12825012	0.16401672	0.20736694
13774666	ACC	-0.3701477	0.91578674	7.8736877
13774686	ACC	-0.49345398	0.9971924	7.988617
13774706	ACC	-0.5293579	1.1947021	7.601944
13774726	ACC	-0.6131592	1.5586243	7.439148
13774746	ACC	-0.5940094	1.7561493	8.055649
13774767	ACC	-0.87771606	2.1811218	9.514923
13774750	MAG	24.273682	-10.389709	-45.018005
13774753	GYR	-5.79834E-4	0.18127441	0.13668823
13774850	MAG	23.880005	-10.211182	-45.143127
13774787	ACC	-0.05769348	1.6603699	9.487381
13774807	ACC	-0.45993042	2.1475983	9.838135
13774827	ACC	0.31700134	1.1564026	11.089096
13774847	ACC	-0.1427002	1.5825653	12.735123
13774868	ACC	-0.7568054	1.7178345	12.326904
13774854	GYR	0.066970825	-0.10469055	-0.17468262
13774950	MAG	23.883057	-9.405518	-44.430542
13774888	ACC	-0.4491577	1.1121063	11.399155
13774908	ACC	0.22361755	-0.2813263	12.089874
13774928	ACC	0.5671997	-1.485611	14.794128
13774948	ACC	1.0089264	-1.0223389	16.981247
13774969	ACC	0.83413696	-0.008377075	15.105377
13774989	ACC	0.5995178	0.09098816	11.275848
13775050	MAG	24.124146	-9.498596	-44.573975
13774955	GYR	-0.04159546	0.122161865	-0.34609985
13775009	ACC	0.8509064	-0.014373779	8.970245
13775029	ACC	0.90956116	-0.31723022	8.80983
13775049	ACC	0.7419739	-0.5961609	9.905167
13775070	ACC	0.32777405	-0.13528442	10.182907
13775090	ACC	-0.29711914	0.42736816	9.28508
1624136254692	RSSWIFI	60:d0:2c:11:e3:e8	KLEY Saclay	2412	-85
1624136254692	RSSWIFI	60:d0:2c:23:e5:98	KLEY Saclay	2452	-86
1624136254692	RSSWIFI	10:b3:d5:5a:98:8f	eduroam	5320	-86
1624136254692	RSSWIFI	10:b3:d5:5a:98:8e	Campus-Telecom	5320	-87
1624136254692	RSSWIFI	10:b3:d5:b3:12:cf	Campus-Telecom	5180	-90
1624136254692	RSSWIFI	00:08:00:8c:d1:2b	citylone	2412	-91
1624136254692	RSSWIFI	a0:21:b7:f5:38:60	NUMERICABLE-3428	2462	-92
1624136254692	RSSWIFI	10:b3:d5:b3:12:ce	eduroam	5180	-92
13775150	MAG	23.895264	-8.9904785	-43.203735
13775056	GYR	-0.1423645	-0.23625183	-0.28601074
13775157	GYR	0.1113739	-0.059417725	0.005126953
13775110	ACC	-0.68258667	1.0259094	8.073608
13775130	ACC	-1.0022125	1.3778687	6.4694977
13775150	ACC	-1.047699	1.5155334	5.2963257
13775171	ACC	-0.84658813	1.6651611	4.758835
13775191	ACC	-0.51498413	1.6196747	5.147888
13775250	MAG	23.66333	-9.779358	-42.767334
13775258	GYR	-0.012191772	-0.17399597	0.038742065
13775211	ACC	-0.2049408	1.4975739	6.491043
13775231	ACC	0.3373413	1.4915924	7.767151
13775251	ACC	0.6018982	1.2868805	8.821793
13775272	ACC	0.6485901	1.0019684	9.261139
13775292	ACC	0.35769653	1.8602905	9.8728485
13775312	ACC	0.47981262	1.5155334	10.428299
13775349	MAG	23.527527	-10.56366	-41.975403
13775359	GYR	0.0039978027	-0.018081665	0.2255249
13775332	ACC	0.3624878	1.6029205	11.153748
13775352	ACC	0.10510254	1.4879913	11.716385
13775373	ACC	0.34812927	1.1683655	11.759491
13775393	ACC	0.5097351	0.23104858	11.964188
13775413	ACC	0.5468445	-0.09098816	13.276215
13775449	MAG	23.469543	-11.451721	-42.123413
13775460	GYR	0.006515503	0.1954956	0.2803955
13775433	ACC	-0.08882141	0.2561798	14.591827
13775453	ACC	-0.3821106	-0.4010315	15.135315
13775474	ACC	0.053634644	-0.57341003	15.320862
13775494	ACC	-0.4216156	-0.28730774	13.321701
13775514	ACC	-1.5145721	-0.09098816	10.417526
13775534	ACC	-1.8820801	0.28251648	8.241211
13775534	GPS	48.712875	2.201704	225.15356
13775549	MAG	24.08142	-11.129761	-41.334534
13775561	GYR	0.1035614	0.04423523	0.19874573
13775554	ACC	-1.7073059	0.53630066	7.7851105
13775575	ACC	-1.0704498	0.18315125	8.400421
13775595	ACC	-0.38809204	0.108932495	9.486191
13775615	ACC	0.24636841	0.3495636	9.704056
13775635	ACC	0.6450043	0.5171509	8.863693
13775649	MAG	24.723816	-11.790466	-40.89508
13775662	GYR	-0.14764404	0.050949097	0.030807495
13775655	ACC	0.82696533	0.6201019	7.8796844
13775676	ACC	0.6114807	0.8271942	7.083603
13775696	ACC	0.39959717	1.0690155	6.5245667
13775716	ACC	0.16615295	1.2988586	6.2635956
13775736	ACC	-0.042129517	1.5155334	6.3988647
13775749	MAG	24.479675	-11.579895	-41.02173
13775763	GYR	0.12490845	-0.3157196	-0.039138794
13775756	ACC	-0.092422485	1.6627655	7.0548706
13775777	ACC	-0.18339539	1.7322083	7.826996
13775797	ACC	-0.3426056	1.8028412	8.490204
13775817	ACC	-0.42520142	1.6663666	9.329361
13775837	ACC	-0.46351624	1.4449005	10.297821
13775849	MAG	24.02649	-12.168884	-41.329956
13775864	GYR	-0.021560669	0.2128601	-0.11077881
13775857	ACC	-0.60118103	1.3778687	11.32373
13775878	ACC	-0.11994934	1.593338	12.061157
13775898	ACC	0.014129639	1.4485016	11.946228
13775918	ACC	-0.3701477	1.296463	11.540405
13775938	ACC	-0.3306427	0.7457886	11.840881
13775949	MAG	25.376892	-11.030579	-41.44745
13775965	GYR	-0.20201111	0.07144165	-0.098464966
13775958	ACC	0.6761322	0.16041565	12.698013
13775979	ACC	1.0831451	-1.0079651	13.767029
13775999	ACC	1.0735626	-1.2006989	15.410645
13776019	ACC	0.9502716	-0.5003967	14.804901
13776039	ACC	0.26312256	0.15322876	11.344086
13776059	ACC	0.25234985	0.15203857	8.31781
13776049	MAG	26.075745	-10.71167	-40.89203
13776066	GYR	0.41099548	-0.042907715	-0.36383057
13776149	MAG	25.172424	-10.192871	-40.530396
13776080	ACC	0.38882446	0.16520691	7.0225525
13776100	ACC	0.49536133	-0.07901001	7.779114
13776120	ACC	0.5468445	-0.18914795	9.074387
13776140	ACC	0.3768463	0.03591919	9.690887
13776160	ACC	-0.07206726	0.40821838	9.30304
13776167	GYR	-0.2823944	0.12477112	-0.317276
13776249	MAG	26.306152	-8.450317	-40.904236
13776181	ACC	-0.35098267	0.70988464	8.346558
13776201	ACC	-0.4910431	0.8343811	7.7216644
13776221	ACC	-0.43119812	0.8678894	7.768341
13776241	ACC	-0.28874207	0.8846588	8.007767
13776261	ACC	-0.123535156	0.9397278	7.8174286
13776282	ACC	0.11468506	1.0366821	7.463089
13776349	MAG	24.468994	-8.425903	-40.41443
13776268	GYR	0.09007263	-0.23348999	0.010940552
13776302	ACC	0.2355957	1.3060303	7.624695
13776322	ACC	0.10749817	1.4245453	8.581177
13776342	ACC	0.17094421	1.6663666	9.641815
13776362	ACC	0.19248962	1.9955597	10.208038
13776383	ACC	0.4414978	1.9740143	10.850891
13776449	MAG	24.543762	-10.096741	-39.945984
13776369	GYR	0.15792847	-0.0043945312	0.16539001
13776403	ACC	0.2762909	1.6843262	11.691254
13776423	ACC	0.59233093	1.2581635	11.840881
13776443	ACC	1.1477814	0.73501587	11.180084
13776463	ACC	0.9179535	0.19992065	10.733566
13776484	ACC	0.3732605	0.91459656	11.59787
13776484	GPS	48.712887	2.2016768	222.64197
13776549	MAG	24.404907	-10.514832	-39.22577
13776470	GYR	0.1558075	-0.024108887	0.12582397
13776504	ACC	-0.3414154	0.4225769	12.800964
13776524	ACC	-0.22050476	0.0	13.885529
13776544	ACC	-0.05531311	-0.37590027	13.374374
13776564	ACC	-0.4288025	-0.10057068	10.799408
13776585	ACC	-0.99024963	-0.25738525	8.625473
13776605	ACC	-1.260788	0.0071868896	7.42717
13776649	MAG	24.838257	-10.990906	-38.528442
13776571	GYR	0.29348755	0.1869812	0.12741089
13776672	GYR	-0.43206787	0.04220581	-0.04446411
13776625	ACC	-1.2547913	-0.33518982	7.8078613
13776645	ACC	-0.93159485	-0.6775665	10.228394
13776665	ACC	-0.35578918	-0.584198	12.330505
13776686	ACC	0.06201172	-0.12928772	12.513657
13776706	ACC	0.111083984	0.21907043	10.60907
13776749	MAG	24.809265	-10.372925	-38.076782
13776773	GYR	0.013320923	-0.027618408	-0.12590027
13776726	ACC	-0.02658081	0.5267334	8.435135
13776746	ACC	-0.23965454	0.6607971	7.028534
13776766	ACC	-0.5257721	0.7434082	6.8298187
13776787	ACC	-0.69096375	0.9971924	7.361328
13776807	ACC	-0.79870605	0.9828186	7.8497467
13776827	ACC	-0.88131714	0.80804443	8.460266
13776849	MAG	24.368286	-10.299683	-37.07733
13776874	GYR	0.008163452	0.05206299	-0.09623718
13776847	ACC	-0.6993408	0.62368774	9.255142
13776867	ACC	-0.57844543	0.6188965	9.689697
13776888	ACC	-0.52098083	0.6787567	9.716034
13776908	ACC	-0.50302124	0.25857544	9.935104
13776928	ACC	-0.12713623	0.075408936	10.744339
13776949	MAG	24.841309	-10.340881	-37.95929
13776975	GYR	0.04624939	-0.11369324	-0.2241211
13776948	ACC	0.18292236	0.30885315	11.399155
13776969	ACC	0.13742065	-0.101760864	11.214798
13776989	ACC	-0.38690186	-0.40942383	10.685684
13777009	ACC	-0.45872498	-0.87867737	11.5212555
13777029	ACC	0.3265686	-0.85713196	13.30014
13777049	MAG	24.72229	-9.324646	-37.371826
13777076	GYR	-0.00680542	-0.05558777	-0.3611145
13777049	ACC	0.4079895	-0.44174194	13.085876
13777070	ACC	0.44389343	-0.42138672	10.769485
13777090	ACC	0.46064758	-0.14486694	8.899612
13777110	ACC	0.42951965	-0.3902588	8.797852
13777130	ACC	0.070388794	-0.61053467	10.206833
13777150	ACC	-0.11755371	-0.47766113	11.557175
13777148	MAG	25.186157	-8.483887	-38.607788
13777177	GYR	-0.123565674	0.10847473	-0.15205383
13777170	ACC	-0.35816956	-0.20231628	11.393173
13777191	ACC	-0.68977356	0.070632935	9.513718
13777211	ACC	-0.90763855	0.36750793	7.8724976
13777231	ACC	-0.77835083	0.41539	7.3266144
13777251	ACC	-0.51979065	0.29328918	8.6147
13777248	MAG	24.835205	-8.071899	-37.4115
