13007503	ACC	-0.1869812	1.9117737	9.1091
13007523	ACC	-0.06488037	1.7154388	9.549637
13007543	ACC	0.19129944	1.411377	10.289444
13007563	ACC	0.0476532	1.4401093	10.322952
13007583	ACC	-0.026565552	1.6268616	10.016495
13007603	ACC	-0.12234497	1.909378	9.065994
13007623	ACC	-0.31866455	1.8950043	8.304642
13007643	ACC	-0.04573059	1.3850403	9.271896
13007663	ACC	0.29185486	1.138443	10.588715
13007684	ACC	0.27749634	0.9181671	10.899963
13007704	ACC	0.0524292	1.1168976	10.808975
13007724	ACC	-0.15585327	1.272522	10.710815
13007744	ACC	0.20565796	1.2557526	9.755539
13007764	ACC	-0.05529785	1.3658905	9.12825
13007784	ACC	-0.23725891	1.5861511	9.331757
13007804	ACC	0.29904175	1.2366028	9.968613
13007824	ACC	0.12426758	1.4185638	10.19606
13007844	ACC	0.20327759	1.4041901	9.666946
13007865	ACC	0.5695801	0.95887756	9.312607
13007885	ACC	0.4810028	1.1264648	8.852921
13007905	ACC	-0.34500122	1.6268616	9.063614
13007925	ACC	-0.280365	1.5287018	10.119446
13007945	ACC	0.26791382	1.0163422	10.313385
13007965	ACC	0.47860718	0.9540863	9.389221
13007985	ACC	0.02848816	1.1743469	9.111496
13008005	ACC	-0.13670349	1.0881653	10.03566
13008025	ACC	0.27989197	0.66677856	10.404358
13008046	ACC	0.28227234	0.60931396	9.465836
13008066	ACC	-0.285141	0.81521606	8.817001
13008086	ACC	-1.2284546	1.0474548	9.180923
13008106	ACC	-0.51020813	0.53749084	10.931091
13008126	ACC	-0.29232788	0.037109375	11.127411
13008146	ACC	-0.60118103	0.5686188	11.625397
13008166	ACC	-0.8406067	1.0307007	12.872787
13008186	ACC	-0.3521881	0.6404419	11.283035
13008206	ACC	-0.22529602	0.68592834	9.252747
13008227	ACC	-1.9275665	2.05542	8.438721
13008247	ACC	-0.7855377	1.2820892	8.8289795
13008267	ACC	0.32058716	-0.073028564	10.069168
13008287	ACC	0.8616791	-0.46806335	10.734756
13008337	MAG	-3.7139893	13.311768	-31.558228
13008363	ACC	-0.4276123	0.86909485	8.448303
13008383	ACC	0.115875244	0.52671814	8.861298
13008403	ACC	-0.042144775	0.45968628	10.121857
13008437	MAG	-4.6325684	14.671326	-32.04956
13008379	GYR	-0.073654175	0.024261475	-0.03236389
13008537	MAG	-2.5283813	13.139343	-33.465576
13008481	GYR	0.022064209	-0.0887146	0.004119873
13008423	ACC	0.022506714	0.39144897	10.90596
13008444	ACC	0.2619171	0.3028717	11.117844
13008464	ACC	0.29545593	0.37947083	10.60907
13008484	ACC	0.044052124	0.5710144	9.881226
13008504	ACC	-0.056503296	0.49440002	9.409576
13008525	ACC	0.01651001	0.410614	9.783066
13008637	MAG	-3.4194946	14.071655	-31.87561
13008582	GYR	0.038146973	-0.12838745	-0.047225952
13008545	ACC	0.15898132	0.3435669	10.109879
13008565	ACC	0.29904175	0.29689026	10.19368
13008585	ACC	0.084747314	0.27174377	10.448654
13008605	ACC	-0.090026855	0.5925751	10.314575
13008626	ACC	0.02130127	0.5051727	9.706451
13008737	MAG	-2.5238037	13.912964	-32.751465
13008682	GYR	-0.04196167	0.056106567	-0.020431519
13008646	ACC	0.19248962	0.44293213	9.322189
13008666	ACC	0.1829071	0.46806335	9.414368
13008686	ACC	0.082351685	0.44651794	9.933914
13008706	ACC	0.20924377	0.35792542	10.205643
13008726	ACC	0.28825378	0.3327942	10.091919
13008837	MAG	-4.499817	14.343262	-33.662415
13008784	GYR	0.011886597	0.0460968	-0.027679443
13008747	ACC	0.23320007	0.3471527	9.990173
13008767	ACC	0.17692566	0.42617798	10.073959
13008787	ACC	0.1960907	0.42138672	9.906372
13008807	ACC	0.22361755	0.5087738	9.653778
13008828	ACC	0.13143921	0.47883606	9.571182
13008848	ACC	0.072784424	0.4800415	9.924332
13008937	MAG	-4.512024	14.328003	-34.695435
13008885	GYR	-0.005264282	0.054031372	-0.01574707
13008868	ACC	0.024902344	0.49320984	10.163742
13008888	ACC	-0.01939392	0.51475525	9.984177
13008908	ACC	-0.09240723	0.5674286	9.657379
13008929	ACC	-0.13909912	0.59376526	9.748352
13008949	ACC	-0.039749146	0.55067444	9.9123535
13009037	MAG	-4.196167	14.039612	-33.651733
13008986	GYR	-0.021194458	0.017654419	0.02494812
13008969	ACC	-0.1427002	0.5817871	9.994949
13008989	ACC	-0.1762085	0.6404419	9.87883
13009009	ACC	-0.28753662	0.7948761	9.676529
13009030	ACC	-0.31507874	0.9026184	9.790253
13009050	ACC	-0.29951477	0.9169769	10.010513
13009137	MAG	-3.5858154	13.435364	-33.480835
13009087	GYR	-0.010910034	0.04598999	0.08262634
13009070	ACC	-0.280365	1.0163422	10.1649475
13009090	ACC	-0.34739685	1.074997	10.152969
13009110	ACC	-0.30549622	1.1073151	9.824966
13009131	ACC	-0.43359375	1.3263855	9.749542
13009151	ACC	-0.49822998	1.3934174	9.76152
13009171	ACC	-0.56407166	1.4879913	9.827362
13009237	MAG	-2.9586792	12.394714	-31.967163
13009188	GYR	-0.014373779	0.09440613	0.14408875
13009191	ACC	-0.5485077	1.5227203	9.687302
13009211	ACC	-0.47309875	1.4820099	9.689697
13009232	ACC	-0.5090027	1.6005249	9.750748
13009252	ACC	-0.3414154	1.6316528	9.623856
13009272	ACC	-0.23846436	1.7142487	9.347321
13009337	MAG	-3.288269	13.433838	-33.773804
13009289	GYR	-0.056671143	0.04423523	0.13375854
13009292	ACC	-0.20254517	1.5897522	9.249161
13009312	ACC	-0.090026855	1.5466461	9.6549835
13009333	ACC	0.08834839	1.3156128	10.233185
13009353	ACC	0.561203	1.2749176	10.441467
13009373	ACC	1.1489868	1.687912	10.227188
13009437	MAG	-2.3742676	12.527466	-33.592224
13009390	GYR	0.17684937	-0.11955261	0.022277832
13009393	ACC	1.3848114	2.1966858	9.221634
13009413	ACC	1.1777191	2.4923706	8.156204
13009434	ACC	1.1513824	2.4612427	8.074814
13009454	ACC	0.95744324	2.3152008	8.775116
13009474	ACC	0.9119568	1.9129639	9.429932
13009537	MAG	-4.3289185	13.446045	-32.452393
13009491	GYR	-0.26332092	-0.10479736	-0.08653259
13009494	ACC	0.87724304	1.7860718	9.8333435
13009514	ACC	0.49536133	1.806427	10.236771
13009535	ACC	0.20207214	2.098526	10.167343
13009555	ACC	0.041656494	2.1703491	9.498154
13009575	ACC	0.05961609	2.5306702	8.966644
13009637	MAG	-2.973938	15.757751	-31.77948
13009595	ACC	0.31340027	2.7521362	8.600327
13009615	ACC	0.36009216	2.774887	8.857712
13009636	ACC	0.640213	2.731781	9.961441
13009656	ACC	0.63064575	2.817978	10.581528
13009676	ACC	0.73957825	2.8862152	10.780258
13009696	ACC	0.4642334	2.8311462	10.713211
13009592	GYR	-0.018692017	-0.032836914	-0.012069702
13009737	MAG	-2.6779175	14.367676	-32.914734
13009693	GYR	0.16880798	0.16471863	-0.027572632
13009716	ACC	0.4642334	2.7018585	11.302185
13009737	ACC	0.5252991	2.4528503	11.941437
13009757	ACC	0.38882446	1.9955597	12.360428
13009777	ACC	0.020111084	1.4449005	12.09227
13009797	ACC	-0.25761414	1.028305	12.041992
13009837	MAG	-1.6082764	11.16333	-33.2489
13009794	GYR	0.32592773	0.27763367	0.057540894
13009817	ACC	-0.73405457	1.3706818	12.204803
13009838	ACC	-0.9220123	1.0366821	12.299377
13009858	ACC	-0.54611206	0.5159607	12.135376
13009878	ACC	-0.8896942	0.2561798	12.870392
13009898	ACC	-1.0907898	0.3028717	13.115799
13009937	MAG	-0.40893555	12.391663	-33.428955
13009895	GYR	0.14483643	-0.13729858	0.1668396
13009918	ACC	-1.082428	0.50756836	11.500916
13009939	ACC	-1.30867	0.6141205	9.978195
13009959	ACC	-1.2356567	0.58418274	10.357681
13009979	ACC	-0.83102417	0.64045715	10.604279
13009999	ACC	-0.63230896	0.90979004	9.5616
13010037	MAG	-0.6820679	11.04126	-31.61621
13009996	GYR	0.114212036	-0.2284851	0.30543518
13010020	ACC	-0.4491577	1.1492157	8.523712
13010040	ACC	-0.3019104	1.2485809	7.866516
13010060	ACC	-0.37971497	1.3084412	6.724472
13010080	ACC	-0.51379395	1.430542	5.7775726
13010100	ACC	-0.65625	1.4053955	6.139099
13010138	MAG	0.63323975	10.536194	-35.43091
13010121	ACC	-0.27796936	1.1959076	7.3972473
13010141	ACC	0.18530273	0.90859985	7.0967712
13010161	ACC	0.012924194	1.0235138	6.890869
13010181	ACC	0.36967468	1.3072357	7.6115265
13010201	ACC	0.758728	1.3706818	8.350143
13010222	ACC	0.42234802	1.7214355	7.9754486
13010097	GYR	-0.18055725	-0.3186493	0.22676086
13010237	MAG	-0.40130615	10.249329	-33.654785
13010198	GYR	0.01625061	0.031234741	0.03756714
13010338	MAG	0.35247803	10.560608	-33.66089
13010242	ACC	0.19129944	1.5083466	8.062836
13010262	ACC	0.47621155	1.1480255	9.792648
13010282	ACC	0.48458862	0.9049988	12.219162
13010302	ACC	0.22361755	0.9576874	12.852432
13010323	ACC	0.25354004	1.4053955	11.374023
13010299	GYR	0.12619019	0.1872406	-0.127182
13010437	MAG	0.20141602	10.86731	-33.52356
13010343	ACC	0.62464905	0.92056274	9.720825
13010363	ACC	0.80181885	-0.27774048	9.71962
13010383	ACC	0.8509064	-1.1348572	12.777023
13010403	ACC	0.99694824	-0.8559265	16.002014
13010424	ACC	1.3273621	0.04788208	16.160019
13010537	MAG	0.2029419	12.251282	-32.83081
13010400	GYR	-0.5889282	-0.057510376	-0.23648071
13010444	ACC	0.75154114	0.95529175	12.374786
13010464	ACC	1.1286316	0.6847534	8.699692
13010484	ACC	1.3141785	0.38067627	7.2188873
13010504	ACC	1.0855408	0.27053833	8.206482
13010525	ACC	0.8353424	0.4297638	9.2838745
13010637	MAG	0.63171387	12.379456	-34.751892
13010501	GYR	-0.034561157	0.024047852	-0.2609253
13010602	GYR	0.07595825	0.37350464	-0.07348633
13010545	ACC	0.5911255	0.6823425	9.099533
13010565	ACC	0.33973694	0.80444336	7.9802246
13010585	ACC	0.03807068	0.93733215	6.997406
13010605	ACC	-0.20614624	0.9744415	6.2121124
13010626	ACC	-0.111572266	1.0366821	6.2049255
13010646	ACC	-2.4414062E-4	1.0570374	6.8202515
13010737	MAG	2.4490356	12.861633	-34.017944
13010703	GYR	0.02217102	-0.07774353	-0.046279907
13010666	ACC	0.45706177	1.0797882	7.6713867
13010686	ACC	0.5576172	1.4915924	8.146637
13010706	ACC	0.45706177	1.9548645	8.426743
13010727	ACC	0.4917755	2.1883087	8.654205
13010747	ACC	0.25953674	2.1260529	9.707657
13010837	MAG	3.3584595	13.33313	-33.58612
13010804	GYR	0.068725586	-0.08605957	-0.0135650635
13010767	ACC	0.20326233	1.5322876	12.38916
13010787	ACC	0.2583313	0.7972717	14.70195
13010807	ACC	0.30862427	0.5997467	14.26741
13010828	ACC	-0.034957886	0.1376648	12.342468
13010848	ACC	-0.8908844	-0.46328735	11.384796
13010868	ACC	-1.1865692	-1.2689362	12.478943
13010937	MAG	1.9927979	13.775635	-33.903503
13010905	GYR	-0.16563416	-0.029159546	0.26542664
13010888	ACC	-0.54371643	-1.6855164	14.853989
13010908	ACC	-0.4683075	-1.3503418	16.022354
13010929	ACC	-0.80947876	-0.71946716	14.20636
13010949	ACC	-1.2093201	-0.30166626	10.861664
13010969	ACC	-1.5277405	0.3722992	7.988617
13011037	MAG	2.1469116	13.473511	-33.744812
13011006	GYR	-0.04978943	-0.028213501	0.24119568
13010989	ACC	-1.284729	0.4584961	7.3230286
13011009	ACC	-0.9782715	0.52194214	7.9155884
13011030	ACC	-0.8322296	0.6607971	8.113113
13011050	ACC	-0.43598938	0.8607178	7.4571075
13011070	ACC	-0.22290039	0.7984619	6.6514587
13011090	ACC	-0.14868164	0.8451538	6.5844116
13011137	MAG	1.0498047	14.183044	-36.87439
13011107	GYR	0.14201355	-0.04663086	0.27400208
13011110	ACC	-0.087631226	0.8427582	6.954315
13011131	ACC	-0.1474762	1.1839294	7.143463
13011151	ACC	0.106292725	1.3168182	7.0776215
13011171	ACC	0.15419006	1.4496918	7.2715607
13011191	ACC	0.28227234	1.5047607	7.9479218
13011237	MAG	1.2313843	14.839172	-33.94165
13011208	GYR	0.10568237	0.16816711	0.14355469
13011211	ACC	0.34573364	1.4329224	8.925949
13011232	ACC	0.19607544	1.1492157	10.759903
13011252	ACC	0.37446594	0.588974	13.069107
13011272	ACC	0.23199463	0.46328735	14.032776
13011292	ACC	0.12904358	0.5782013	13.149307
13011312	ACC	0.897583	0.37590027	11.448242
13011337	MAG	2.418518	15.744019	-35.292053
13011309	GYR	0.21008301	-0.28562927	-0.25778198
13011437	MAG	1.4938354	14.329529	-37.46643
13011333	ACC	1.3860168	-0.2454071	9.844131
13011353	ACC	1.2722931	-1.4532928	10.878418
13011373	ACC	0.9287262	-1.525116	15.300507
13011393	ACC	0.80900574	-0.7948761	18.409378
13011414	ACC	0.66415405	-0.27294922	15.668015
13011410	GYR	-0.10630798	-0.037322998	-0.301239
13011434	ACC	0.88082886	0.013168335	10.7539215
13011454	ACC	0.9035797	0.084991455	7.48703
13011537	MAG	0.13885498	15.861511	-36.48987
13011511	GYR	-0.08616638	0.08743286	-0.22944641
13011474	ACC	0.908371	0.14964294	7.3661194
13011494	ACC	0.616272	0.5351105	8.569199
13011515	ACC	0.2798767	0.7745209	8.575195
13011535	ACC	0.19728088	0.90501404	7.4283752
13011555	ACC	-0.0074310303	0.9720459	6.080429
13011575	ACC	-0.014602661	0.98880005	5.218521
13011637	MAG	-1.2542725	16.421509	-39.17389
13011612	GYR	0.15170288	-0.11997986	-0.066726685
13011595	ACC	-0.015792847	1.1312561	5.5477295
13011616	ACC	0.03807068	1.2653351	6.3749237
13011636	ACC	0.32418823	1.2402039	7.301483
13011656	ACC	0.47502136	1.2402039	8.064026
13011676	ACC	0.9766083	1.3431549	9.025314
13011737	MAG	-2.281189	14.146423	-37.6297
13011713	GYR	0.11164856	-0.002380371	-0.0309906
13011696	ACC	0.95625305	1.6124878	9.911163
13011717	ACC	0.6114807	2.067398	9.999741
13011737	ACC	0.4307251	2.1463928	10.392395
13011757	ACC	0.32537842	1.6352386	11.587097
13011777	ACC	0.1721344	1.1504059	12.889542
13011837	MAG	-2.7420044	14.286804	-38.227844
13011814	GYR	0.07670593	-0.15342712	0.09237671
13011797	ACC	0.56240845	0.841568	13.859192
13011818	ACC	0.6904907	0.011978149	13.708359
13011838	ACC	0.19488525	-0.11253357	13.043976
13011858	ACC	-0.07325745	-0.44413757	13.380356
13011878	ACC	0.12545776	-0.6057434	14.628937
13011937	MAG	0.13885498	14.323425	-37.179565
13011915	GYR	0.19415283	0.16072083	0.32652283
13011898	ACC	-0.20614624	-0.36991882	13.96814
13011919	ACC	-0.9495392	-0.15802002	11.566757
13011939	ACC	-1.4140167	0.33758545	9.300644
13011959	ACC	-1.3206329	0.40701294	8.444702
13011979	ACC	-0.96510315	0.54348755	8.782288
13012037	MAG	-1.2451172	15.666199	-38.70697
13012016	GYR	-0.15808105	0.040924072	0.34457397
13011999	ACC	-0.5269623	0.69911194	9.139023
13012020	ACC	-0.054107666	0.88705444	8.558426
13012040	ACC	0.2475586	1.0295105	7.391266
13012060	ACC	0.5025482	1.1695709	6.2348633
13012080	ACC	0.47262573	1.5059509	5.842209
13012137	MAG	-0.92163086	13.696289	-37.75482
13012117	GYR	-0.052352905	-0.056549072	0.30430603
13012100	ACC	0.27030945	1.901001	6.233658
13012121	ACC	0.24995422	1.8686829	6.5640717
13012141	ACC	0.5899353	1.7932587	7.7863007
13012161	ACC	0.8820343	1.711853	9.2443695
13012181	ACC	0.88442993	1.7405853	9.596313
13012237	MAG	-1.6830444	13.989258	-38.212585
13012218	GYR	0.28097534	0.07310486	-0.06625366
13012201	ACC	0.7874603	1.8926239	9.4969635
13012222	ACC	0.6043091	1.845932	9.646591
13012242	ACC	0.65457153	1.2856903	10.3433075
13012262	ACC	1.0101166	0.74220276	11.515274
13012282	ACC	0.36488342	0.9516907	12.0707245
13012337	MAG	0.4257202	13.230896	-38.91449
1624135491955	RSSWIFI	08:4f:a9:c6:e9:ef	Campus-Telecom	5500	-54
1624135491955	RSSWIFI	08:4f:a9:c6:e9:ee	eduroam	5500	-56
1624135491955	RSSWIFI	08:4f:a9:4a:65:2f	Campus-Telecom	5580	-56
1624135491955	RSSWIFI	08:4f:a9:4a:65:2e	eduroam	5580	-56
1624135491955	RSSWIFI	80:2a:a8:87:1b:8c	Wifi - Bar x Rezel	2462	-59
1624135491955	RSSWIFI	82:2a:a8:87:1b:8c	AdminBar	2462	-61
1624135491955	RSSWIFI	08:4f:a9:4a:63:8f	Campus-Telecom	5320	-65
1624135491955	RSSWIFI	08:4f:a9:4a:65:21	eduroam	2462	-66
1624135491955	RSSWIFI	08:4f:a9:4a:65:20	Campus-Telecom	2462	-66
1624135491955	RSSWIFI	08:4f:a9:4a:63:8e	eduroam	5320	-66
1624135491955	RSSWIFI	08:4f:a9:c6:e9:e1	eduroam	2437	-67
1624135491955	RSSWIFI	08:4f:a9:c6:e9:e0	Campus-Telecom	2437	-68
1624135491955	RSSWIFI	10:b3:d5:5b:24:c0	eduroam	2462	-70
1624135491955	RSSWIFI	10:b3:d5:5b:24:c1	Campus-Telecom	2462	-70
1624135491955	RSSWIFI	08:4f:a9:4a:63:81	eduroam	2437	-71
1624135491955	RSSWIFI	08:4f:a9:4a:63:80	Campus-Telecom	2437	-71
1624135491955	RSSWIFI	f4:92:bf:3e:46:fc	OpenWrt5	5180	-72
1624135491955	RSSWIFI	10:b3:d5:5b:24:ce	Campus-Telecom	5580	-73
1624135491955	RSSWIFI	10:b3:d5:5b:24:cf	eduroam	5580	-74
1624135491955	RSSWIFI	70:4f:57:1c:b5:da	sushiwep	5180	-75
1624135491955	RSSWIFI	f6:92:bf:3e:46:fc	OpenWrt2.4	2462	-76
1624135491955	RSSWIFI	1c:7e:e5:4b:1a:3e	Rezel	2462	-78
1624135491955	RSSWIFI	08:4f:a9:69:fe:6e	eduroam	5320	-80
1624135491955	RSSWIFI	08:4f:a9:69:fe:6f	Campus-Telecom	5320	-82
1624135491955	RSSWIFI	08:4f:a9:69:fe:60	Campus-Telecom	2437	-88
1624135491955	RSSWIFI	10:b3:d5:5b:12:0f	eduroam	5180	-88
1624135491955	RSSWIFI	08:4f:a9:69:fe:61	eduroam	2437	-89
1624135491955	RSSWIFI	10:b3:d5:5b:12:0e	Campus-Telecom	5180	-90
13012319	GYR	0.08337402	-0.13723755	-0.20046997
13012302	ACC	-0.15585327	1.4891968	11.273453
13012323	ACC	0.50852966	0.72784424	11.299789
13012343	ACC	1.4710083	-0.35195923	11.803772
13012363	ACC	1.5979004	-0.9433136	13.181641
13012383	ACC	1.2387695	-0.42855835	14.490067
13012437	MAG	-2.2766113	14.151001	-37.335205
13012420	GYR	-0.019485474	0.12374878	-0.34028625
13012403	ACC	0.96821594	-0.123306274	13.844833
13012424	ACC	0.58514404	-0.022750854	11.608643
13012444	ACC	0.56121826	0.14724731	9.342545
13012464	ACC	0.60310364	0.08859253	8.176559
13012484	ACC	0.34931946	0.3722992	8.296265
13012504	ACC	0.0811615	0.75057983	8.612305
13012537	MAG	-1.2008667	12.338257	-36.532593
13012521	GYR	-0.24276733	0.26245117	-0.3257904
13012525	ACC	-0.18460083	1.004364	8.103531
13012545	ACC	-0.45993042	1.2940674	6.810669
13012565	ACC	-0.5449219	1.549057	5.7691956
13012585	ACC	-0.38450623	1.6460114	5.6039886
13012605	ACC	-0.014602661	1.6100922	6.3593597
13012637	MAG	-2.2705078	12.315369	-37.57019
13012622	GYR	0.023452759	-0.14788818	-0.14097595
13012626	ACC	0.28227234	1.5574341	7.759964
13012646	ACC	0.64141846	1.6364441	8.512939
13012666	ACC	0.89997864	1.8004456	8.658997
13012686	ACC	0.70007324	2.2349854	9.095932
13012707	ACC	0.5288849	2.3822327	9.704056
13012737	MAG	-2.4108887	12.480164	-36.691284
13012723	GYR	0.08081055	-0.0887146	0.009017944
13012727	ACC	0.17692566	1.7369995	10.826935
13012747	ACC	0.45347595	1.9357147	12.647736
13012767	ACC	0.92871094	1.2306213	14.44339
13012787	ACC	0.8149872	0.6428375	14.846802
13012808	ACC	-0.6753998	0.67037964	13.089462
13012837	MAG	-3.0090332	11.561584	-36.517334
13012824	GYR	0.27212524	0.08476257	0.23405457
13012828	ACC	-1.0788269	1.6124878	11.267471
13012848	ACC	-1.3673248	0.9169769	11.394363
13012868	ACC	-1.082428	0.20829773	13.270218
13012888	ACC	-1.1302948	0.12210083	13.8771515
13012909	ACC	-1.3266296	0.17118835	12.510056
13012937	MAG	-0.77667236	11.997986	-39.02893
13012925	GYR	-0.055541992	0.11656189	0.42814636
13012929	ACC	-1.6139374	0.37948608	10.11467
13012949	ACC	-1.3589478	0.23703003	8.544067
13012969	ACC	-0.9052429	0.2633667	8.539276
13012989	ACC	-0.28874207	0.4118042	9.110291
13013010	ACC	0.10630798	0.62249756	8.801437
13013037	MAG	-2.130127	10.765076	-39.144897
13013026	GYR	-0.31365967	0.0121154785	0.2280426
13013137	MAG	-0.47302246	12.770081	-38.609314
13013030	ACC	0.3505249	0.8894501	7.7312317
13013050	ACC	0.59233093	1.1132965	6.5353394
13013070	ACC	0.40678406	1.3072357	5.5177917
13013090	ACC	0.1829071	1.5502472	5.138321
13013111	ACC	0.016525269	1.6711578	5.4220276
13013127	GYR	-0.0605011	-0.16168213	0.12693787
13013238	MAG	-2.7297974	12.150574	-38.15918
13013131	ACC	0.19967651	1.7190399	6.3821106
13013151	ACC	0.679718	1.6101074	8.245987
13013171	ACC	0.7096405	1.5765839	10.2595215
13013191	ACC	0.44389343	1.6388245	11.16333
13013212	ACC	0.57795715	1.7106628	11.0112915
13013228	GYR	0.21472168	0.1184845	-0.13943481
13013338	MAG	-0.9246826	10.769653	-39.43329
13013232	ACC	0.39840698	1.8399353	11.374008
13013252	ACC	0.45706177	1.8112183	12.210785
13013272	ACC	0.38882446	1.8997955	12.5998535
13013292	ACC	0.05722046	1.5717926	11.417114
13013313	ACC	0.18171692	0.97325134	10.142197
13013333	ACC	0.36488342	-0.292099	10.703644
13013437	MAG	-1.2496948	13.352966	-40.107727
13013329	GYR	-0.32362366	-0.0640564	-0.16088867
13013353	ACC	0.6665497	-1.4317474	14.296143
13013373	ACC	0.7443695	-1.359909	18.436905
13013393	ACC	0.61268616	-0.2346344	17.802444
13013414	ACC	0.4594574	0.4800415	12.109039
13013434	ACC	0.9358978	0.70269775	7.7300415
13013430	GYR	0.28790283	0.07086182	-0.2693329
13013537	MAG	-3.3493042	11.97052	-39.63318
13013454	ACC	0.97421265	0.6787567	6.1726074
13013474	ACC	1.0232849	0.73262024	7.313446
13013494	ACC	0.7946472	0.7960663	8.544067
13013515	ACC	0.35890198	0.9756317	8.411194
13013535	ACC	-0.039749146	1.1755524	7.1530457
13013555	ACC	-0.30670166	1.2820892	5.8757324
13013637	MAG	-2.1255493	9.539795	-39.39972
13013531	GYR	-0.05857849	0.1954956	-0.26210022
13013575	ACC	-0.25881958	1.3455353	5.471115
13013595	ACC	-0.14628601	1.450882	6.209717
13013616	ACC	0.11468506	1.3527222	7.0069885
13013636	ACC	0.55522156	1.4137726	7.840164
13013656	ACC	0.71803284	1.5011597	8.116699
13013737	MAG	-3.0441284	9.825134	-40.299988
13013632	GYR	0.21247864	-0.52711487	-0.022567749
13013676	ACC	0.85209656	1.8052368	8.502167
13013696	ACC	1.129837	1.9297333	8.843338
13013717	ACC	0.9993439	2.0410614	9.439499
13013737	ACC	0.6114807	1.7812958	10.41394
13013757	ACC	0.82696533	1.8255768	11.350067
13013837	MAG	-5.155945	9.350586	-40.296936
13013733	GYR	0.23963928	-0.43312073	-0.04397583
13013777	ACC	1.4530487	1.8794556	11.87561
13013797	ACC	1.1968689	1.2294159	12.654907
13013818	ACC	0.40678406	0.72424316	14.135727
13013838	ACC	0.24995422	0.3136444	15.705124
13013858	ACC	0.33496094	-0.18077087	17.042282
13013937	MAG	-4.2633057	12.107849	-40.23285
13013834	GYR	-0.36932373	0.105270386	0.25434875
13013935	GYR	0.232193	-0.09164429	0.22451782
13013878	ACC	0.32777405	-0.26457214	16.210312
13013898	ACC	-0.08642578	0.14485168	12.511261
13013919	ACC	-0.49105835	0.3998413	9.162964
13013939	ACC	-0.44436646	0.67396545	7.6318817
13013959	ACC	-0.3713379	0.78289795	7.877289
13013979	ACC	-0.21212769	0.76016235	8.187332
13014037	MAG	-6.05011	9.205627	-39.411926
13014036	GYR	-0.3088684	0.18991089	0.26985168
13013999	ACC	0.06440735	0.94810486	8.038895
13014020	ACC	0.27149963	1.0690155	7.734833
13014040	ACC	0.32777405	1.1097107	7.5564575
13014060	ACC	0.31700134	1.1863251	7.1338806
13014080	ACC	0.053634644	1.3886414	6.6119537
13014137	MAG	-5.6030273	10.276794	-39.44397
13014137	GYR	0.059829712	-0.09761047	0.35203552
13014100	ACC	0.084747314	1.5550385	6.131912
13014121	ACC	0.13024902	1.742981	6.027771
13014141	ACC	0.29066467	1.7525635	7.0393066
13014161	ACC	0.4917755	1.8148041	8.55484
13014181	ACC	0.600708	1.8315582	9.530487
13014201	ACC	0.7168274	1.6759338	10.2044525
13014237	MAG	-4.988098	9.527588	-38.82599
13014238	GYR	-0.023529053	0.25473022	0.093811035
13014222	ACC	0.9502716	1.9117737	10.546814
13014242	ACC	1.1777191	1.7765045	10.98735
13014262	ACC	1.2124329	1.4784241	11.898346
13014282	ACC	0.9622345	1.5598297	12.141357
13014303	ACC	0.7706909	1.1109161	12.087494
13014337	MAG	-3.7902832	9.985352	-39.424133
13014339	GYR	-0.32330322	0.0990448	-0.182724
13014437	MAG	-3.779602	8.921814	-39.094543
13014323	ACC	1.4219208	0.53271484	11.91391
13014343	ACC	1.7654877	-0.1879425	12.01326
13014363	ACC	1.4961395	-0.8092499	13.647308
13014383	ACC	1.818161	-0.5877838	15.488449
13014403	ACC	1.2866516	0.013168335	14.809692
13014424	ACC	0.68569946	0.1879425	11.911514
13014440	GYR	0.25157166	0.09776306	-0.3399048
13014538	MAG	-1.2237549	10.464478	-39.27765
13014444	ACC	1.0196991	0.16041565	9.421539
13014464	ACC	0.80062866	0.0574646	8.484207
13014484	ACC	0.63064575	0.082595825	8.698502
13014505	ACC	0.44029236	0.3531494	8.743988
13014525	ACC	-0.032562256	0.6248779	7.782715
13014637	MAG	-3.3447266	10.131836	-40.016174
13014541	GYR	-0.0034484863	0.21643066	-0.2607727
13014545	ACC	-0.4096527	0.91937256	6.6155396
13014565	ACC	-0.5401306	1.0666199	5.9391785
13014585	ACC	-0.57125854	1.0426788	5.8805237
13014606	ACC	-0.44676208	1.0917664	5.773987
13014626	ACC	-0.17860413	1.1647797	5.663849
13014737	MAG	-2.7252197	9.234619	-39.097595
13014642	GYR	0.023666382	-0.2797699	-0.054107666
13014646	ACC	0.0524292	1.2880859	6.112747
13014666	ACC	0.30262756	1.2402039	7.756378
13014686	ACC	0.58036804	1.435318	9.652588
13014707	ACC	0.67852783	1.6448212	10.598297
13014727	ACC	0.22720337	1.8208008	11.035233
13014747	ACC	0.20326233	1.6208801	11.801376
13014743	GYR	0.14988708	-0.23097229	0.14393616
13014837	MAG	-4.3914795	10.444641	-38.998413
13014767	ACC	0.4414978	1.3395538	12.180862
13014787	ACC	1.5069122	0.8271942	12.980515
13014808	ACC	1.4243164	0.48362732	13.342056
13014828	ACC	0.22601318	0.7876892	12.92067
13014848	ACC	-0.1355133	0.3902588	13.286987
13014937	MAG	-4.5303345	9.536743	-38.380432
13014844	GYR	-0.09490967	-0.029266357	0.37316895
13014868	ACC	0.04763794	0.04309082	14.3320465
13014888	ACC	0.24636841	0.20231628	14.060303
13014909	ACC	-0.25761414	0.22505188	11.911514
13014929	ACC	-0.7220917	0.23104858	10.182892
13014949	ACC	-0.3019104	0.37828064	9.397598
13014969	ACC	0.096725464	0.34477234	9.057632
13015037	MAG	-3.7750244	10.310364	-38.105774
13014945	GYR	0.17214966	-0.1867218	0.37695312
13014989	ACC	0.63183594	0.5674286	8.915176
13015010	ACC	0.95744324	0.7050934	8.471039
13015030	ACC	1.0915222	0.89663696	7.779129
13015050	ACC	1.0053253	1.0546417	7.2559814
13015070	ACC	0.83055115	1.078598	6.7975006
13015137	MAG	-4.2266846	10.771179	-37.680054
13015046	GYR	-0.091171265	0.06298828	0.15000916
13015147	GYR	0.10409546	0.023773193	-0.025131226
13015090	ACC	0.8473053	1.177948	6.6789856
13015111	ACC	0.734787	1.3084259	6.762787
13015131	ACC	0.86647034	1.3814545	7.3948517
13015151	ACC	1.2160187	1.4401093	8.111923
13015171	ACC	1.2243958	1.3934326	8.299866
13015191	ACC	1.0843353	1.4449005	8.266342
13015237	MAG	-4.0893555	11.985779	-38.308716
13015248	GYR	-0.0811615	0.20780945	-0.4733429
13015212	ACC	1.5536041	1.5981293	8.720047
13015232	ACC	1.7870483	1.3323822	9.664566
13015252	ACC	2.180893	1.0498505	11.111847
13015272	ACC	2.9147034	0.69073486	12.288605
13015292	ACC	2.723175	0.49440002	12.025238
13015337	MAG	-3.1967163	11.051941	-39.897156
13015349	GYR	-0.093566895	0.06564331	-1.1895752
13015313	ACC	2.5986786	0.08140564	11.032837
13015333	ACC	3.33609	-0.6608124	11.286621
13015353	ACC	3.9765472	-1.2737274	13.37677
13015373	ACC	4.197998	-0.6943207	15.238266
13015393	ACC	4.177658	-0.7541809	14.142914
13015414	ACC	4.7055664	-0.68714905	11.636185
13015437	MAG	-3.7872314	11.833191	-38.449097
13015450	GYR	0.12528992	-0.3433075	-2.0500946
13015537	MAG	-6.9473267	10.131836	-38.264465
13015434	ACC	4.691208	-0.6763611	9.094742
13015454	ACC	4.493683	-0.6081238	8.180145
13015474	ACC	4.261444	-0.7254486	8.745178
13015494	ACC	4.0052643	-0.841568	9.516113
13015515	ACC	3.162506	-0.6488342	9.559204
13015637	MAG	-9.947205	9.211731	-37.071228
13015552	GYR	-0.43232727	-0.025115967	-2.3318481
13015535	ACC	2.4035492	-0.4692688	9.945877
13015555	ACC	2.3245392	-0.54348755	10.756317
13015575	ACC	2.4502258	-0.6272888	11.060379
13015596	ACC	2.1006775	-0.5267334	9.71843
13015616	ACC	1.5703583	-0.36871338	7.932358
13015636	ACC	1.0819397	-0.0526886	6.616745
13015738	MAG	-16.125488	3.338623	-38.68866
13015652	GYR	0.34042358	0.0016174316	-2.096527
13015656	ACC	0.38284302	0.36392212	6.696945
13015676	ACC	-0.032562256	0.77093506	7.9155884
13015696	ACC	-0.19895935	1.0450745	8.954681
13015717	ACC	-0.2049408	1.0414734	9.247971
13015737	ACC	-0.32705688	0.8631134	9.348526
13015754	GYR	0.45887756	0.10661316	-1.5549011
13015838	MAG	-16.271973	1.6525269	-39.07776
13015757	ACC	-0.2516327	0.667984	9.584351
13015777	ACC	-0.8214569	0.8200226	9.76033
13015798	ACC	-1.4403534	0.8247986	9.795044
13015818	ACC	-1.8389893	0.252594	10.640198
13015838	ACC	-1.3661346	-0.24900818	12.217972
13015858	ACC	-0.7544098	-0.43815613	14.589432
13015937	MAG	-15.365601	2.581787	-38.659668
13015855	GYR	-0.3640442	0.5653534	-0.7209015
13015878	ACC	-1.2093048	-0.41659546	15.580627
13015899	ACC	-0.74961853	-0.42018127	14.585831
13015919	ACC	0.10749817	0.084991455	12.671677
13015939	ACC	0.616272	0.47885132	10.763489
13015959	ACC	0.86647034	0.99838257	8.971436
13016037	MAG	-17.16919	-0.036621094	-39.17694
13015956	GYR	0.22441101	-0.6628418	-0.6591797
13015979	ACC	0.77908325	1.6448212	7.443939
13016000	ACC	0.39601135	1.980011	6.4850616
13016020	ACC	0.006942749	2.0997162	6.9435425
13016040	ACC	-0.18458557	2.0290833	8.109528
13016060	ACC	-0.3928833	1.948883	8.857712
13016137	MAG	-19.873047	1.3458252	-37.316895
13016057	GYR	-0.5336914	-0.09989929	-0.51589966
13016080	ACC	-0.75442505	1.8794403	9.197693
13016101	ACC	-0.85975647	1.8375549	9.434708
13016121	ACC	-0.8801117	1.8183899	9.404785
13016141	ACC	-0.95552063	1.8722687	8.802643
13016161	ACC	-0.58203125	2.118866	8.147827
13016237	MAG	-19.857788	-0.48065186	-36.96289
13016158	GYR	0.29333496	-0.19604492	-0.41256714
13016181	ACC	-0.05769348	2.363083	7.6151276
13016202	ACC	0.09793091	2.4600372	7.5528717
13016222	ACC	0.4594574	2.4600372	8.317825
13016242	ACC	0.84013367	2.1691437	9.38324
13016262	ACC	1.2243958	2.039856	10.60907
13016337	MAG	-20.603943	-1.2435913	-36.50055
13016259	GYR	0.10046387	-0.20173645	-0.43051147
13016282	ACC	1.6577454	1.8423462	11.752304
13016303	ACC	1.936676	1.4748383	12.293396
13016323	ACC	1.7044373	1.4425049	12.267059
13016343	ACC	1.423111	1.2856903	11.526047
13016363	ACC	1.4302979	0.7769165	11.369232
13016383	ACC	1.9199219	0.5901642	13.093048
13016437	MAG	-22.706604	-2.0126343	-35.8963
13016360	GYR	-0.13389587	-0.33457947	-0.7188263
13016404	ACC	2.0803223	0.70388794	15.519577
13016424	ACC	2.1006775	1.217453	15.615341
13016444	ACC	1.8480835	1.2665253	11.735535
13016464	ACC	1.9091492	1.1504211	7.8688965
13016484	ACC	1.8720245	1.1312561	5.850586
13016537	MAG	-22.54486	-4.76532	-36.250305
13016461	GYR	0.22073364	-0.21463013	-0.8254547
13016562	GYR	-0.6930542	0.2831726	-1.1220245
13016505	ACC	1.6469727	1.0618286	6.1414948
13016525	ACC	1.4015808	0.78889465	7.4295654
13016545	ACC	1.426712	0.5566559	9.122269
13016565	ACC	0.9909668	0.43095398	10.093124
13016585	ACC	0.48339844	0.50398254	9.880035
13016606	ACC	0.21284485	0.6823425	8.514145
13016637	MAG	-22.528076	-5.5130005	-35.19287
13016663	GYR	-0.27035522	-0.1370697	-0.9612732
13016626	ACC	-0.09361267	0.8056488	7.540909
13016646	ACC	-0.101989746	0.8954315	7.293091
13016666	ACC	0.12545776	0.8427582	7.6821594
13016686	ACC	0.27149963	0.8846588	8.23642
13016707	ACC	0.31221008	0.96725464	8.875656
13016737	MAG	-21.182251	-5.6747437	-36.36017
13016764	GYR	0.009811401	-0.26139832	-0.4256134
13016837	MAG	-23.269653	-8.731079	-35.536194
13016727	ACC	0.1493988	1.1803436	8.630264
13016747	ACC	-0.1762085	1.4317322	8.6901245
13016767	ACC	-0.23606873	1.1564026	9.320984
13016787	ACC	0.07637024	0.58299255	10.3828125
13016808	ACC	0.16496277	0.3902588	11.881592
13016937	MAG	-22.95227	-5.9417725	-32.966614
13016865	GYR	-0.2558136	-0.14964294	-0.14949036
13016828	ACC	-0.25042725	0.05506897	12.62738
13016848	ACC	-0.7232971	-0.38546753	12.419083
13016868	ACC	-0.8525696	-0.69911194	12.040802
13016888	ACC	-0.76039124	-1.5742035	13.033203
13016909	ACC	-0.97587585	-1.8519287	15.313675
13016929	ACC	-1.0034027	-1.564621	15.984055
13017037	MAG	-23.262024	-7.6446533	-34.39026
13016966	GYR	0.29727173	-0.017501831	0.037612915
13016949	ACC	-1.284729	-0.9109955	12.574707
13016969	ACC	-1.6486511	-0.3088684	9.233597
13016989	ACC	-1.7659607	-0.11253357	7.84256
13017010	ACC	-1.64505	-0.053878784	8.032913
13017030	ACC	-1.3230286	0.027526855	8.722443
13017137	MAG	-23.417664	-7.498169	-34.690857
13017067	GYR	-0.16744995	0.080444336	0.24885559
13017050	ACC	-0.75201416	0.23703003	9.335358
13017070	ACC	-0.21331787	0.2059021	9.459854
13017091	ACC	-0.0014343262	0.34117126	8.788284
13017111	ACC	-0.012207031	0.5686188	7.9862213
13017131	ACC	-0.30070496	0.9241638	6.9088287
13017151	ACC	-0.41923523	1.1947021	6.4647064
13017237	MAG	-23.277283	-6.587219	-35.162354
13017168	GYR	0.065200806	-0.002960205	0.25727844
13017171	ACC	-0.26480103	1.2150574	6.723282
13017192	ACC	-0.1355133	1.3994141	7.593567
13017212	ACC	-2.4414062E-4	1.4652557	8.307037
13017232	ACC	0.17692566	1.5921478	8.845734
13017252	ACC	0.24876404	1.7046814	9.348511
13017337	MAG	-24.171448	-7.5042725	-34.69391
13017269	GYR	0.15447998	-0.1958313	0.024520874
13017272	ACC	0.5504303	1.5909424	10.421127
13017293	ACC	0.75393677	1.2821045	11.621811
13017313	ACC	0.6581726	0.87628174	12.225159
13017333	ACC	0.61268616	0.79367065	11.843277
13017353	ACC	0.31340027	1.0139465	10.574356
13017373	ACC	0.32418823	0.50875854	10.181702
13017437	MAG	-23.269653	-8.731079	-35.536194
13017370	GYR	0.06163025	-0.014144897	-0.0912323
13017394	ACC	0.5360718	-0.06704712	11.223175
13017414	ACC	1.0615997	-1.4748383	12.927856
13017434	ACC	1.4291077	-1.7178497	14.834839
13017454	ACC	1.189682	-0.8487549	14.852783
13017474	ACC	0.9610443	-0.19992065	11.6002655
13017537	MAG	-22.615051	-11.122131	-32.354736
13017471	GYR	0.06904602	-0.026123047	-0.23130798
13017495	ACC	0.9646301	0.1544342	8.431549
13017515	ACC	0.86047363	0.0095825195	7.6474457
13017535	ACC	0.7527466	-0.25378418	8.934326
13017555	ACC	0.611496	-0.2705536	10.141006
13017575	ACC	0.30143738	-0.16401672	10.003326
13017596	ACC	-0.099594116	0.20829773	8.647018
13017637	MAG	-23.396301	-9.623718	-33.883667
13017572	GYR	-0.20335388	0.29367065	-0.23945618
13017616	ACC	-0.5844269	0.6464386	7.301483
13017636	ACC	-0.5161896	0.8044586	6.5317383
13017656	ACC	-0.22529602	0.94810486	6.2109222
13017676	ACC	0.07637024	0.7409973	6.304291
13017697	ACC	0.640213	0.73861694	7.557663
13017737	MAG	-22.502136	-9.477234	-34.768677
13017673	GYR	-0.050857544	0.008117676	-0.09660339
13017837	MAG	-24.76654	-11.955261	-35.88257
13017774	GYR	0.09359741	-0.118118286	-0.14709473
13017717	ACC	0.8461151	0.73143005	8.435135
13017737	ACC	0.5887451	1.0163422	8.597946
13017757	ACC	0.43312073	1.4389191	8.862503
13017777	ACC	0.28945923	1.5921478	9.611893
13017798	ACC	-0.011016846	1.3168182	11.063965
13017818	ACC	-0.0960083	0.9457092	12.50528
13017937	MAG	-22.470093	-10.514832	-32.669067
13017875	GYR	0.04447937	-0.13937378	0.028137207
13017838	ACC	-0.044540405	0.6751709	12.6596985
13017858	ACC	-0.1929779	0.6105194	12.195221
13017878	ACC	0.10151672	0.12928772	11.828918
13017899	ACC	-0.36535645	0.05506897	11.91391
13017919	ACC	-0.829834	-0.628479	13.8220825
13018037	MAG	-20.689392	-9.465027	-34.75952
13017976	GYR	0.3039856	0.060256958	0.19560242
13017939	ACC	-0.32824707	-1.0726166	15.857162
13017959	ACC	-0.32943726	-0.5171509	15.174805
13017979	ACC	-0.66104126	-0.11253357	11.806168
13018000	ACC	-1.190155	-0.0287323	9.172546
13018020	ACC	-1.5492859	-0.058670044	8.508163
13018040	ACC	-1.3721161	-0.111343384	9.113892
13018137	MAG	-22.496033	-9.47113	-34.32617
13018077	GYR	-0.08052063	-0.03060913	0.29354858
13018060	ACC	-1.0656586	-0.12451172	9.717224
13018080	ACC	-0.73526	0.099365234	9.401199
13018101	ACC	-0.522171	0.4692688	8.516541
13018121	ACC	-0.2264862	0.76016235	7.759964
13018141	ACC	-0.03135681	1.0378876	7.162613
13018237	MAG	-22.924805	-11.135864	-33.094788
13018178	GYR	0.17028809	-0.06549072	0.31602478
13018161	ACC	0.12425232	1.3634949	6.893265
13018181	ACC	0.18171692	1.5406647	6.7568054
13018202	ACC	0.28945923	1.6855164	6.8094635
13018222	ACC	0.43910217	1.7106476	7.1698
13018242	ACC	0.8221741	1.7393951	7.5325165
13018262	ACC	0.68211365	1.727417	7.9670715
13018337	MAG	-24.595642	-8.699036	-32.739258
13018279	GYR	0.14297485	-0.04902649	0.03437805
13018282	ACC	0.5695801	1.6208801	9.007355
13018303	ACC	0.5528259	1.3730774	10.634216
13018323	ACC	0.84013367	1.039093	12.088684
13018343	ACC	0.87724304	1.177948	12.571121
13018363	ACC	0.6545868	1.3934326	11.310562
13018437	MAG	-22.924805	-9.597778	-32.40509
13018380	GYR	0.08911133	-0.15518188	-0.153656
13018383	ACC	0.67492676	1.0761871	10.384018
13018404	ACC	1.1765137	0.51116943	10.849686
13018424	ACC	1.2662964	-0.9469147	12.331696
13018444	ACC	1.3285522	-1.3634949	15.675201
13018464	ACC	1.1872864	-0.8511505	17.440918
13018485	ACC	0.5707855	0.26576233	14.341629
13018537	MAG	-24.591064	-9.461975	-32.714844
13018481	GYR	-1.5258789E-4	0.1719513	-0.35375977
13018505	ACC	0.5540161	0.91937256	9.725601
13018525	ACC	0.7994232	1.0259094	6.9626923
13018545	ACC	0.76472473	0.9337311	7.1003723
13018565	ACC	1.0292816	0.9289551	8.637451
13018586	ACC	1.0400543	0.9145813	9.492172
13018637	MAG	-23.657227	-11.419678	-31.317139
13018582	GYR	-0.057891846	0.012588501	-0.26597595
13018606	ACC	0.57199097	1.063034	9.14502
13018626	ACC	0.08355713	1.2497711	8.299866
13018646	ACC	0.07157898	1.3946228	7.8760834
13018666	ACC	0.09791565	1.4472961	7.2368317
13018687	ACC	0.20805359	1.648407	6.451538
13018707	ACC	0.30143738	1.593338	6.9998016
13018737	MAG	-21.995544	-13.404846	-32.130432
13018683	GYR	0.26020813	0.11427307	-0.139328
13018727	ACC	0.7276001	1.4999695	8.421967
13018747	ACC	0.7922516	1.4688416	8.80983
13018767	ACC	0.68930054	1.7920685	8.47583
13018788	ACC	0.73239136	2.118866	7.9826355
13018808	ACC	0.5205078	2.0422516	8.544067
13018837	MAG	-23.36731	-12.509155	-32.75757
13018784	GYR	0.19500732	0.022979736	-0.1027832
13018828	ACC	0.2068634	1.751358	10.073959
13018848	ACC	0.070388794	1.4628601	11.393173
13018868	ACC	-0.106781006	1.3658905	12.130585
13018889	ACC	-0.29353333	0.6823425	11.897156
13018909	ACC	-0.7328644	0.38427734	11.636185
13018937	MAG	-22.433472	-14.465332	-31.359863
13018885	GYR	-0.117752075	-0.053726196	0.076919556
13018929	ACC	-0.8908844	-0.53271484	13.496475
13018949	ACC	0.09793091	-0.96247864	15.656052
13018969	ACC	0.0524292	-0.33041382	15.648865
13018990	ACC	-0.58561707	0.34716797	12.488525
13019010	ACC	-0.72688293	0.60214233	9.247971
13019037	MAG	-24.421692	-11.436462	-32.06024
13018986	GYR	0.040283203	0.0034332275	0.16651917
13019137	MAG	-22.743225	-13.095093	-31.40564
13019030	ACC	-1.1291046	0.8164215	7.636673
13019050	ACC	-1.2787476	0.87628174	7.9526978
13019070	ACC	-1.0788269	0.80085754	8.65181
13019091	ACC	-0.8525696	0.87867737	8.714066
13019111	ACC	-0.5868225	1.0450745	8.340561
13019087	GYR	-0.17959595	0.046203613	0.19793701
13019237	MAG	-23.513794	-12.042236	-32.182312
13019188	GYR	-0.016296387	-0.06996155	0.32060242
13019131	ACC	-0.561676	1.043869	7.779129
13019151	ACC	-0.34381104	1.0115509	7.798279
13019171	ACC	-0.27915955	1.0247192	7.724045
13019192	ACC	-0.21691895	1.3527222	7.621109
13019212	ACC	0.30862427	1.3539276	7.275131
13019232	ACC	0.3217926	1.3970184	7.422394
13019337	MAG	-25.636292	-11.302185	-32.661438
13019289	GYR	0.013427734	-0.114868164	0.080444336
13019252	ACC	0.36488342	1.5849609	8.135864
13019272	ACC	0.2942505	1.7082672	8.305847
13019293	ACC	0.42114258	2.0087433	8.462662
13019313	ACC	0.48220825	1.861496	8.976227
13019333	ACC	0.77189636	1.4281311	10.442673
13019437	MAG	-24.11499	-10.044861	-31.06842
13019390	GYR	-0.03466797	0.019363403	-0.19476318
13019353	ACC	0.7024689	1.1324615	11.842087
13019373	ACC	0.82936096	0.9325409	12.109039
13019394	ACC	0.55522156	0.61172485	11.611038
13019414	ACC	0.561203	0.22625732	11.819336
13019434	ACC	1.0484314	-1.023529	13.054749
13019454	ACC	1.1992645	-1.2880859	15.475281
13019537	MAG	-23.820496	-11.282349	-32.208252
13019491	GYR	0.1035614	0.082962036	-0.27067566
13019474	ACC	1.4219208	-0.4692688	16.22586
13019495	ACC	0.734787	0.39265442	13.215149
13019515	ACC	0.38642883	0.90501404	9.830948
13019535	ACC	0.59233093	0.8918457	7.5648346
13019555	ACC	0.6378174	0.71347046	7.451111
13019637	MAG	-24.101257	-11.412048	-30.581665
13019592	GYR	-0.20429993	-0.085998535	-0.1630249
13019575	ACC	0.88082886	0.6201019	8.850525
13019596	ACC	1.1082764	0.48483276	10.005737
13019616	ACC	0.9550476	0.4189911	10.216415
13019636	ACC	0.9909668	0.529129	9.689697
13019656	ACC	0.7264099	0.667984	8.7296295
13019737	MAG	-22.729492	-13.383484	-30.363464
13019693	GYR	0.2456665	-0.031036377	-0.16191101
13019676	ACC	0.48937988	0.8559265	8.052063
13019697	ACC	0.18769836	0.9325409	7.8102417
13019717	ACC	0.190094	0.89064026	7.953903
13019737	ACC	0.11947632	0.84754944	7.9000244
13019757	ACC	-0.23965454	1.114502	8.310638
13019837	MAG	-25.431824	-14.306641	-29.463196
13019794	GYR	0.21923828	0.2250061	0.22994995
13019778	ACC	-0.6634369	1.375473	9.036072
13019798	ACC	-0.7819519	1.0666199	9.611877
13019818	ACC	-0.6311188	0.7685394	10.25473
13019838	ACC	-0.1822052	0.94091797	10.604279
13019858	ACC	-0.3928833	0.7912903	10.150574
13019879	ACC	-0.3521881	0.24180603	10.695267
13019937	MAG	-23.638916	-12.472534	-30.25055
13019895	GYR	-0.051757812	0.031661987	0.51171875
13019899	ACC	-0.59999084	-0.7242584	12.0264435
13019919	ACC	0.07398987	-1.3970184	13.646103
13019939	ACC	0.07876587	-1.1995087	14.638504
13019959	ACC	-0.42640686	-0.5195465	13.606613
13019980	ACC	-0.9112396	-0.25857544	11.527252
13020000	ACC	-0.8406067	0.10534668	9.968613
13020037	MAG	-23.68164	-11.451721	-33.38318
13019996	GYR	0.19154358	0.24615479	0.3926239
13020020	ACC	-1.0070038	0.1376648	9.252747
13020040	ACC	-0.68377686	0.09336853	9.196487
13020060	ACC	-0.774765	0.19392395	9.46344
13020081	ACC	-0.8214569	0.4225769	9.614273
13020101	ACC	-0.70054626	0.4800415	9.675339
13020137	MAG	-23.513794	-11.274719	-31.912231
13020097	GYR	-0.044631958	0.29499817	0.0390625
13020121	ACC	-0.67900085	0.49560547	9.3784485
13020141	ACC	-0.56288147	0.5817871	8.505768
13020161	ACC	-0.6418915	0.5805969	8.621887
13020182	ACC	-0.3294525	0.5638428	8.918762
13020202	ACC	-0.11755371	0.38667297	8.104736
13020237	MAG	-22.018433	-11.58905	-33.221436
13020337	MAG	-23.822021	-10.977173	-32.218933
13020198	GYR	-0.09138489	-0.15875244	-0.07823181
13020222	ACC	-0.42401123	0.51834106	8.286697
13020242	ACC	-0.3605652	0.688324	9.429932
13020262	ACC	0.10391235	0.44532776	9.70047
13020283	ACC	0.067993164	-0.24661255	9.020508
13020303	ACC	-0.5652771	-0.05506897	9.343735
13020323	ACC	-1.0309448	-0.1328888	11.279449
