12913095	ACC	0.30622864	0.25976562	9.9518585
12913115	ACC	0.36846924	0.23582458	10.2247925
12913135	ACC	0.26312256	0.30285645	9.903976
12913155	ACC	0.34692383	0.32202148	9.961426
12913175	ACC	0.47621155	0.43693542	9.846512
12913195	ACC	0.6437988	0.55426025	9.62146
12913215	ACC	0.66056824	0.63327026	9.724411
12913235	ACC	0.442688	0.58299255	9.8728485
12913256	ACC	0.43312073	0.60214233	9.5759735
12913276	ACC	0.34213257	0.5231323	9.592728
12913296	ACC	0.018920898	0.33877563	10.43309
12913316	ACC	-0.08403015	0.38426208	10.488159
12913336	ACC	0.16256714	0.36271667	9.540054
12913356	ACC	0.21524048	0.44651794	9.279083
12913376	ACC	0.29664612	0.29328918	9.60231
12913396	ACC	0.28466797	0.35792542	9.784256
12913417	ACC	0.22242737	0.4560852	9.693283
12913437	ACC	0.3852234	0.5853729	9.987762
12913457	ACC	0.41635132	0.712265	10.033264
12913477	ACC	0.26312256	0.66438293	10.112274
12913497	ACC	0.3732605	0.4560852	10.277466
12913517	ACC	0.442688	0.45370483	10.416336
12913538	ACC	0.56240845	0.43214417	10.282257
12913558	ACC	0.57676697	0.34835815	10.193665
12913578	ACC	0.5312805	0.2789154	10.2487335
12913631	MAG	-4.020691	14.68811	-31.30951
12913660	GYR	0.038360596	-0.066345215	0.0015106201
12913643	ACC	0.61387634	0.30885315	9.3628845
12913664	ACC	0.516922	0.32322693	9.596329
12913684	ACC	0.48937988	0.34236145	9.878845
12913704	ACC	0.53726196	0.44172668	9.888412
12913731	MAG	-3.1280518	13.754272	-32.89795
12913761	GYR	0.008270264	0.083114624	0.012634277
12913724	ACC	0.41516113	0.38905334	9.846512
12913744	ACC	0.36727905	0.32202148	10.160156
12913765	ACC	0.40797424	0.30766296	10.227188
12913785	ACC	0.42234802	0.33639526	10.131424
12913805	ACC	0.4414978	0.3423767	9.941086
12913831	MAG	-3.5690308	13.458252	-32.00531
12913862	GYR	0.029464722	0.14804077	0.0058288574
12913825	ACC	0.30143738	0.42018127	10.102692
12913845	ACC	0.34213257	0.43214417	10.005737
12913866	ACC	0.3804474	0.44651794	9.732788
12913886	ACC	0.16137695	0.41419983	9.7148285
12913906	ACC	0.19728088	0.43215942	9.9758
12913932	MAG	-4.350281	14.956665	-33.53424
12913963	GYR	0.026489258	0.13764954	-0.02432251
12914031	MAG	-3.4301758	14.36615	-32.62329
12913926	ACC	0.29545593	0.47164917	10.297821
12913946	ACC	0.3110199	0.47885132	10.003342
12913967	ACC	0.20925903	0.49560547	9.546051
12913987	ACC	0.16496277	0.4812317	9.500549
12914007	ACC	0.10151672	0.5961609	9.870453
12914027	ACC	0.123062134	0.63327026	9.997345
12914131	MAG	-2.5360107	12.359619	-34.474182
12914064	GYR	0.013961792	0.01802063	-0.029754639
12914047	ACC	0.14102173	0.667984	9.686111
12914068	ACC	-0.025375366	0.6871338	9.568787
12914088	ACC	-0.025375366	0.7769165	9.79863
12914108	ACC	-0.07206726	0.7649536	9.822571
12914128	ACC	-0.13671875	0.841568	9.791443
12914231	MAG	-2.9693604	13.456726	-32.444763
12914165	GYR	-0.022888184	-5.0354004E-4	-0.006591797
12914148	ACC	-0.10079956	0.7876892	9.949463
12914169	ACC	-0.022979736	0.8140259	10.2487335
12914189	ACC	-0.04573059	0.77571106	10.388794
12914209	ACC	-0.042144775	0.8846588	10.15657
12914229	ACC	-0.039749146	1.0582428	9.862076
12914250	ACC	0.008148193	1.1025238	9.683701
12914331	MAG	-2.5146484	13.154602	-32.432556
12914266	GYR	-0.010910034	-0.034179688	-0.0030212402
12914270	ACC	0.014129639	1.0582428	9.870453
12914290	ACC	0.06919861	1.1132965	9.756729
12914310	ACC	0.08476257	1.2270355	9.389221
12914330	ACC	-0.08164978	1.1743622	9.569977
12914351	ACC	-0.20375061	1.1252747	9.7938385
12914431	MAG	-3.7445068	13.73291	-33.93402
12914367	GYR	-0.06929016	-0.0143585205	0.0119018555
12914371	ACC	-0.15466309	1.1025238	9.519699
12914391	ACC	-0.14628601	0.980423	9.698074
12914411	ACC	-0.17980957	0.84635925	10.25473
12914431	ACC	-0.0014343262	1.0630188	10.039246
12914451	ACC	0.039260864	0.98521423	9.762726
12914531	MAG	-2.684021	14.361572	-33.35724
12914468	GYR	0.027389526	0.025375366	-0.030349731
12914472	ACC	0.2906494	1.2258301	10.123047
12914492	ACC	0.24995422	1.2294312	10.158951
12914512	ACC	0.29664612	1.3180084	9.441895
12914532	ACC	0.29545593	1.3431549	9.245575
12914553	ACC	0.46543884	1.3742676	9.572372
12914573	ACC	0.6964874	1.6855164	9.754349
12914631	MAG	-2.3712158	14.0686035	-32.608032
12914569	GYR	0.046295166	-0.11859131	-0.08073425
12914593	ACC	0.7455597	1.9321289	9.331757
12914613	ACC	0.719223	1.9740143	9.0468445
12914633	ACC	0.6222687	1.9393005	9.522095
12914654	ACC	0.4247284	1.8004456	10.2642975
12914674	ACC	0.39601135	2.008728	10.467804
12914731	MAG	-2.519226	13.9175415	-32.45697
12914670	GYR	-0.18103027	0.11138916	0.007797241
12914694	ACC	0.64141846	2.1080933	9.634628
12914714	ACC	0.3912201	2.1631622	8.964249
12914734	ACC	0.3445282	2.1763306	8.787079
12914755	ACC	0.51571655	2.230194	8.797852
12914775	ACC	0.71443176	2.2122498	8.690109
12914795	ACC	0.7731018	2.127243	8.621887
12914831	MAG	-2.06604	14.382935	-32.173157
12914771	GYR	-0.053466797	0.020263672	-0.016815186
12914815	ACC	0.68330383	1.948883	9.235992
12914835	ACC	0.70365906	1.9524689	9.901581
12914856	ACC	0.88801575	2.2960358	10.224808
12914876	ACC	0.64260864	2.419342	10.2487335
12914896	ACC	0.47381592	2.2517548	10.781448
12914931	MAG	-4.336548	14.666748	-32.49054
12914872	GYR	-0.08041382	0.011413574	-0.054733276
12915031	MAG	-1.4709473	14.683533	-32.7713
12914973	GYR	0.13104248	-0.20440674	0.1927185
12914916	ACC	0.18530273	1.8926086	11.741516
12914936	ACC	0.4534607	1.5131378	12.411896
12914957	ACC	-0.1247406	1.0414734	12.047989
12914977	ACC	0.2140503	0.7876892	11.493729
12914997	ACC	0.12545776	0.6141205	12.105438
12915017	ACC	-0.109176636	-0.061065674	12.893143
12915074	GYR	-0.033111572	0.1361084	0.06594849
12915131	MAG	-2.3666382	14.076233	-32.165527
12915037	ACC	0.24636841	-0.52075195	13.252274
12915058	ACC	0.24636841	-0.59736633	13.490494
12915078	ACC	-0.06488037	-0.3100586	12.786591
12915098	ACC	-0.058898926	0.053863525	10.998123
12915118	ACC	-0.5401306	0.34117126	9.665756
12915231	MAG	-1.751709	11.633301	-32.37915
12915175	GYR	0.3688507	-0.1374054	0.22265625
12915138	ACC	-0.869339	0.5566559	9.317398
12915159	ACC	-0.7220917	0.61172485	9.139023
12915179	ACC	-0.36894226	0.8666992	8.606323
12915199	ACC	-0.34979248	0.9049988	7.9754486
12915219	ACC	-0.48266602	1.0606384	7.4582977
12915239	ACC	-0.36296082	1.2318115	7.340988
12915331	MAG	-0.55999756	14.082336	-32.598877
12915276	GYR	0.11579895	0.26745605	0.2609558
12915260	ACC	-0.075668335	1.4042053	8.067627
12915280	ACC	-0.2516327	1.2354126	8.896011
12915300	ACC	-0.616745	1.1659698	8.90918
12915320	ACC	-0.54133606	1.3299866	8.243591
12915340	ACC	-0.20852661	1.5550385	7.792282
12915431	MAG	-1.31073	11.160278	-33.54187
12915377	GYR	0.14759827	-0.015640259	0.19006348
12915361	ACC	-0.24565125	1.6998749	8.068817
12915381	ACC	-0.070877075	1.8602905	8.405212
12915401	ACC	0.11946106	2.0075378	8.301056
12915421	ACC	0.2906494	2.1128845	8.09874
12915441	ACC	0.4019928	1.948883	8.698502
12915462	ACC	0.39720154	1.380249	10.427109
12915531	MAG	0.9552002	10.409546	-33.80127
12915478	GYR	0.12475586	-0.0896759	-0.08079529
12915482	ACC	0.32418823	0.9828186	12.203613
12915502	ACC	0.18171692	1.1001434	12.404724
12915522	ACC	0.5671997	0.88105774	11.57872
12915542	ACC	0.8317566	0.3830719	11.297409
12915563	ACC	0.9658356	-0.3148346	11.809769
12915631	MAG	1.1016846	11.019897	-33.96759
12915579	GYR	-0.22375488	-0.12913513	-0.35690308
12915583	ACC	1.1609497	-0.663208	13.264236
12915603	ACC	1.3896027	-0.10774231	14.4110565
12915623	ACC	1.1585693	0.4692688	13.21875
12915643	ACC	0.81140137	0.8355713	10.700058
12915664	ACC	0.90237427	0.6536255	9.677719
12915684	ACC	0.94548035	0.4692688	9.651382
12915731	MAG	0.19683838	10.092163	-34.23767
12915680	GYR	0.0763855	-0.035873413	-0.2530365
12915704	ACC	0.86647034	0.3543396	9.504135
12915724	ACC	0.84732056	0.49679565	8.753571
12915744	ACC	0.65219116	0.7805023	7.813843
12915765	ACC	0.34931946	1.0055695	7.0931854
12915785	ACC	0.15058899	1.2210388	6.9471283
12915831	MAG	0.9460449	11.166382	-34.26819
12915781	GYR	-0.084350586	0.28552246	-0.22161865
12915805	ACC	0.23320007	1.2497711	6.8848877
12915825	ACC	0.42832947	1.2593536	7.0273438
12915845	ACC	0.5276947	1.2485809	6.9710846
12915866	ACC	0.5468445	1.4281464	7.01178
12915886	ACC	0.437912	1.6867218	7.3948517
12915906	ACC	0.41516113	1.901001	7.763565
12915931	MAG	0.9490967	11.479187	-33.83484
12915882	GYR	0.11968994	-0.19880676	-0.25767517
12916031	MAG	-0.41503906	12.077332	-34.00879
12915926	ACC	0.52290344	2.1966858	8.257965
12915946	ACC	0.4522705	2.3020325	9.2000885
12915967	ACC	0.0236969	1.8794556	10.949051
12915987	ACC	-0.47549438	1.7046661	12.737518
12916007	ACC	0.041656494	1.8997955	13.312119
12915983	GYR	0.08609009	-0.0040740967	-0.030563354
12916132	MAG	-0.27923584	11.904907	-35.331726
12916027	ACC	-0.07685852	1.5466461	13.102631
12916047	ACC	-0.70054626	1.1336517	12.085098
12916068	ACC	-1.2536011	0.42616272	11.746307
12916088	ACC	-0.8322296	0.22865295	12.372406
12916108	ACC	-0.07325745	-0.46328735	13.606613
12916084	GYR	-0.12861633	-0.11315918	0.30654907
12916231	MAG	0.18310547	11.920166	-34.591675
12916185	GYR	0.15649414	-0.18341064	0.20896912
12916128	ACC	0.6102905	-0.7218628	14.449371
12916149	ACC	0.39720154	-0.27774048	13.556335
12916169	ACC	0.0021514893	0.30766296	11.16452
12916189	ACC	-0.4718933	0.5674286	9.77948
12916209	ACC	-0.26719666	0.628479	9.440689
12916229	ACC	-0.25881958	0.61291504	9.245575
12916331	MAG	-0.8666992	10.075378	-34.832764
12916286	GYR	-0.14550781	0.10948181	0.14164734
12916249	ACC	-0.11994934	0.6201019	9.139023
12916270	ACC	0.022506714	0.786499	8.602722
12916290	ACC	0.123062134	0.9385376	7.8677063
12916310	ACC	0.11947632	1.1587982	7.224869
12916330	ACC	-0.073272705	1.272522	6.6311035
12916431	MAG	-0.28076172	13.285828	-34.93347
12916387	GYR	0.10472107	-0.15779114	0.2468872
12916350	ACC	-0.07325745	1.3898315	6.49942
12916371	ACC	-0.05529785	1.4401093	6.752014
12916391	ACC	0.009338379	1.529892	6.9004517
12916411	ACC	0.10749817	1.7537537	7.0261383
12916431	ACC	0.2906494	1.8914185	7.4930115
12916452	ACC	0.48579407	2.0003662	8.310638
12916531	MAG	-1.3595581	13.250732	-36.709595
12916488	GYR	0.0712738	0.03970337	0.14164734
12916472	ACC	0.49298096	2.094925	9.291061
12916492	ACC	0.7707062	2.0087433	10.301407
12916512	ACC	1.1729279	1.6508026	11.230362
12916532	ACC	1.3010101	1.3970184	12.411896
12916553	ACC	1.0232849	1.2701263	12.944611
12916631	MAG	-1.2054443	13.101196	-36.557007
12916589	GYR	0.018753052	-0.0137786865	-0.23062134
12916573	ACC	0.73358154	1.0654297	12.40831
12916593	ACC	1.2100372	0.5817871	11.986938
12916613	ACC	1.1753235	-0.19752502	12.159317
12916633	ACC	0.83773804	-0.86790466	14.079468
12916654	ACC	1.1729279	-0.56144714	16.550278
12916731	MAG	-0.6149292	12.936401	-37.72888
12916690	GYR	0.06297302	0.2058258	-0.27540588
12916674	ACC	1.4051666	0.1544342	15.0155945
12916694	ACC	0.95025635	0.5195465	10.53006
12916714	ACC	0.892807	0.60572815	8.3190155
12916734	ACC	0.9933624	0.4980011	8.305847
12916755	ACC	1.1968689	0.55067444	8.851715
12916775	ACC	1.0579987	0.61291504	8.503372
12916831	MAG	-0.0030517578	13.41095	-36.854553
12916791	GYR	-0.103637695	0.10649109	-0.21298218
12916795	ACC	0.69407654	0.7948761	7.751587
12916815	ACC	0.3553009	0.9289551	7.2428284
12916835	ACC	0.18052673	1.098938	6.511383
12916856	ACC	0.13143921	1.1791382	6.3138733
12916876	ACC	0.2942505	1.3647003	6.5712433
12916931	MAG	-0.32806396	13.2247925	-38.91754
12916892	GYR	0.031066895	-0.12094116	-0.15774536
12916896	ACC	0.47981262	1.4233551	6.6478577
12916916	ACC	0.36846924	1.5394745	6.5796356
12916936	ACC	0.30741882	1.6101074	7.234436
12916957	ACC	0.19728088	1.6903076	8.192123
12916977	ACC	0.28466797	1.9321136	8.89122
12917031	MAG	-1.3748169	12.922668	-38.175964
12916993	GYR	-0.041534424	0.111190796	-3.0517578E-4
12916997	ACC	0.23320007	1.8770599	9.253952
12917017	ACC	-0.07206726	1.3934174	10.694061
12917037	ACC	0.041656494	1.1156921	12.915878
12917058	ACC	0.27149963	0.8750763	13.654495
12917078	ACC	0.3445282	0.7948761	12.718369
12917098	ACC	-0.32225037	0.3722992	11.686462
12917131	MAG	-3.0578613	14.881897	-39.134216
12917094	GYR	-0.067840576	-0.0056152344	0.23294067
12917118	ACC	-0.63949585	0.19033813	12.372391
12917138	ACC	-0.52098083	-0.47406006	14.342819
12917159	ACC	-0.15466309	-0.33877563	15.556686
12917179	ACC	-0.23846436	-0.05267334	13.81131
12917199	ACC	-0.3605652	-0.0047912598	10.820953
12917231	MAG	-1.2313843	14.605713	-38.08136
12917195	GYR	0.01939392	-0.18315125	0.41386414
12917331	MAG	-2.4368286	14.753723	-37.797546
12917219	ACC	-0.46351624	0.3076477	10.051224
12917239	ACC	-0.1714325	0.22984314	10.149384
12917260	ACC	-0.063690186	0.5027771	9.609482
12917280	ACC	0.19129944	0.77931213	8.484207
12917300	ACC	0.51213074	1.0211334	7.4810333
12917296	GYR	0.032287598	-0.3110962	0.21801758
12917431	MAG	-0.33416748	14.294434	-38.952637
12917320	ACC	0.76950073	1.1133118	7.1374817
12917340	ACC	0.65219116	1.2078705	7.3900604
12917361	ACC	0.7311859	1.3108215	7.5756073
12917381	ACC	0.5899353	1.3623047	7.4367523
12917401	ACC	0.31939697	1.4963837	7.1099396
12917421	ACC	0.24995422	1.7776947	6.9196014
12917397	GYR	0.18643188	0.010467529	0.1515503
12917531	MAG	-3.038025	12.294006	-38.607788
12917441	ACC	0.20805359	1.9536743	7.1015625
12917462	ACC	0.31700134	1.8986053	7.509781
12917482	ACC	0.5288849	1.8531189	8.454285
12917502	ACC	0.9538574	2.087738	9.490967
12917522	ACC	1.2016602	2.1056976	9.724411
12917631	MAG	-1.6845703	13.679504	-38.497925
12917498	GYR	0.031967163	0.1081543	-0.0446167
1624135397227	RSSWIFI	08:4f:a9:4a:65:2f	Campus-Telecom	5580	-53
1624135397227	RSSWIFI	08:4f:a9:4a:65:2e	eduroam	5580	-53
1624135397227	RSSWIFI	08:4f:a9:c6:e9:ef	Campus-Telecom	5500	-55
1624135397227	RSSWIFI	08:4f:a9:c6:e9:ee	eduroam	5500	-55
1624135397227	RSSWIFI	80:2a:a8:87:1b:8c	Wifi - Bar x Rezel	2462	-60
1624135397227	RSSWIFI	82:2a:a8:87:1b:8c	AdminBar	2462	-61
1624135397227	RSSWIFI	08:4f:a9:c6:e9:e0	Campus-Telecom	2437	-62
1624135397227	RSSWIFI	08:4f:a9:c6:e9:e1	eduroam	2437	-63
1624135397227	RSSWIFI	08:4f:a9:4a:65:21	eduroam	2462	-64
1624135397227	RSSWIFI	08:4f:a9:4a:65:20	Campus-Telecom	2462	-64
1624135397227	RSSWIFI	f6:92:bf:3e:46:fc	OpenWrt2.4	2462	-67
1624135397227	RSSWIFI	10:b3:d5:5b:24:c1	Campus-Telecom	2462	-67
1624135397227	RSSWIFI	10:b3:d5:5b:24:c0	eduroam	2462	-68
1624135397227	RSSWIFI	08:4f:a9:4a:63:8f	Campus-Telecom	5320	-70
1624135397227	RSSWIFI	08:4f:a9:4a:63:8e	eduroam	5320	-71
1624135397227	RSSWIFI	10:b3:d5:5b:24:ce	Campus-Telecom	5580	-71
1624135397227	RSSWIFI	1c:7e:e5:4b:1a:3e	Rezel	2462	-72
1624135397227	RSSWIFI	10:b3:d5:5b:24:cf	eduroam	5580	-72
1624135397227	RSSWIFI	08:4f:a9:4a:63:81	eduroam	2437	-74
1624135397227	RSSWIFI	08:4f:a9:4a:63:80	Campus-Telecom	2437	-75
1624135397227	RSSWIFI	f4:92:bf:3e:46:fc	OpenWrt5	5180	-79
1624135397227	RSSWIFI	08:4f:a9:69:fe:6f	Campus-Telecom	5320	-80
1624135397227	RSSWIFI	08:4f:a9:69:fe:6e	eduroam	5320	-80
1624135397227	RSSWIFI	70:4f:57:1c:b5:da	sushiwep	5180	-81
1624135397227	RSSWIFI	08:4f:a9:69:fe:60	Campus-Telecom	2437	-85
1624135397227	RSSWIFI	10:b3:d5:5b:12:0f	eduroam	5180	-88
1624135397227	RSSWIFI	10:b3:d5:5b:12:0e	Campus-Telecom	5180	-88
12917600	GYR	-0.0015258789	0.11277771	-0.32255554
12917542	ACC	1.1561737	1.7106628	10.034454
12917563	ACC	1.1944733	1.3371582	11.4027405
12917583	ACC	1.0460358	1.2342072	12.611816
12917603	ACC	0.97421265	1.395813	12.767441
12917623	ACC	1.0017395	0.89183044	12.124588
12917644	ACC	0.9358978	-0.24061584	11.957001
12917731	MAG	-1.6845703	14.294434	-38.22174
12917700	GYR	-0.17362976	0.14804077	-0.36494446
12917664	ACC	0.44508362	-1.0402832	13.992065
12917684	ACC	0.94906616	-0.23104858	16.102554
12917704	ACC	1.3536835	0.42018127	14.045944
12917724	ACC	0.6078949	0.8200073	10.138611
12917744	ACC	0.5133209	0.7757263	8.778702
12917831	MAG	-2.1484375	14.738464	-38.97705
12917802	GYR	0.015625	0.014831543	-0.18145752
12917765	ACC	0.308609	0.36032104	8.966644
12917785	ACC	0.27389526	0.15322876	9.759125
12917805	ACC	0.45706177	0.2849121	9.480209
12917825	ACC	0.25354004	0.61291504	8.04129
12917846	ACC	-0.063690186	0.93733215	7.1003723
12917866	ACC	-0.104385376	1.1564026	6.8872833
12917931	MAG	-1.8310547	13.838196	-38.059998
12917903	GYR	0.07041931	0.12477112	-0.101135254
12917886	ACC	-0.13430786	1.3180084	6.811859
12917906	ACC	-0.05052185	1.4820099	6.7220764
12917926	ACC	0.19848633	1.5861511	6.6981354
12917947	ACC	0.4055786	1.5765839	6.9638977
12917967	ACC	0.49298096	1.6472168	7.34816
12918031	MAG	-1.234436	12.295532	-39.335632
12918004	GYR	0.08517456	0.013870239	0.0126953125
12917987	ACC	0.44270325	1.6891174	7.9000244
12918007	ACC	0.27030945	1.8423309	8.498581
12918027	ACC	0.1673584	2.0817566	9.016922
12918048	ACC	-0.015792847	1.9979706	9.8333435
12918068	ACC	-0.16543579	1.6412354	11.320145
12918131	MAG	-3.187561	12.44812	-38.46588
12918105	GYR	0.05316162	0.09957886	0.21348572
12918088	ACC	0.0033569336	1.5263062	12.786591
12918108	ACC	0.44987488	1.1923218	13.195999
12918128	ACC	0.33135986	0.9445038	12.926651
12918149	ACC	-0.33901978	0.90979004	12.848846
12918169	ACC	-0.65145874	0.9457092	12.911102
12918189	ACC	-0.537735	0.4692688	13.929825
12918231	MAG	-1.663208	10.015869	-38.378906
12918206	GYR	0.075424194	0.06474304	0.37365723
12918209	ACC	-0.18699646	0.4477234	14.421829
12918229	ACC	-0.33422852	0.40821838	12.70639
12918250	ACC	-0.73526	0.4285736	10.562378
12918270	ACC	-0.9806671	0.47644043	9.470627
12918290	ACC	-0.89686584	0.33758545	9.297043
12918331	MAG	-0.92926025	11.380005	-39.453125
12918307	GYR	-0.12553406	-0.16456604	0.2428894
12918431	MAG	-0.78430176	13.372803	-39.07318
12918310	ACC	-0.68977356	0.39863586	9.809402
12918330	ACC	-0.34500122	0.746994	9.377258
12918351	ACC	9.613037E-4	1.1312561	8.321411
12918371	ACC	0.23799133	1.3527222	7.332611
12918391	ACC	0.12545776	1.4520874	6.59758
12918411	ACC	0.12545776	1.4484863	6.4563293
12918408	GYR	-0.1474762	-0.028686523	0.11213684
12918531	MAG	-2.2949219	12.283325	-39.63623
12918431	ACC	0.099121094	1.4449005	6.5077972
12918452	ACC	0.18052673	1.5622101	6.57724
12918472	ACC	-0.014602661	1.7154541	7.147049
12918492	ACC	-0.109176636	1.8411407	7.7456055
12918512	ACC	0.051239014	1.8926086	7.8437653
12918631	MAG	-3.0410767	11.51886	-39.3219
12918509	GYR	0.006515503	-0.08860779	0.1382904
12918532	ACC	0.16854858	2.0362701	8.317825
12918553	ACC	0.4307251	1.9991608	9.751938
12918573	ACC	0.5025482	1.8207855	11.035233
12918593	ACC	0.53726196	1.5622101	11.687653
12918613	ACC	0.85928345	1.3682861	12.033615
12918633	ACC	0.7886658	1.4676514	11.752304
12918731	MAG	-1.3778687	10.766602	-39.434814
12918610	GYR	0.050613403	0.13313293	-0.0443573
12918654	ACC	0.7024689	1.3060303	10.527664
12918674	ACC	0.65219116	0.67277527	10.429504
12918694	ACC	0.6509857	-0.87628174	11.646957
12918714	ACC	0.78266907	-1.7681274	15.043137
12918734	ACC	1.0556183	-0.91459656	17.649216
12918711	GYR	-0.39035034	0.014144897	-0.3042755
12918831	MAG	-3.0532837	11.503601	-40.35492
12918812	GYR	0.09295654	-0.15257263	-0.3325653
12918755	ACC	0.9586487	0.13168335	14.687592
12918775	ACC	0.31700134	0.3722992	9.920746
12918795	ACC	0.75753784	0.36990356	8.778702
12918815	ACC	0.77189636	0.1257019	9.966217
12918836	ACC	1.0256805	0.2059021	10.514496
12918856	ACC	0.85928345	0.5626373	9.085159
12918931	MAG	-2.7740479	13.62915	-41.307068
12918913	GYR	0.18157959	0.18154907	-0.32696533
12918876	ACC	0.4989624	0.95887756	7.8090515
12918896	ACC	0.14221191	1.2677307	7.296692
12918916	ACC	0.012924194	1.5287018	7.1266937
12918936	ACC	0.012924194	1.742981	6.9830475
12918957	ACC	-0.044525146	1.8938141	7.039322
12919031	MAG	-2.5909424	11.213684	-39.604187
12919014	GYR	0.33818054	-0.17526245	0.008483887
12918977	ACC	0.1278534	1.9440918	7.668991
12918997	ACC	0.06919861	1.9764099	8.204102
12919017	ACC	0.020111084	2.1080933	8.363312
12919037	ACC	0.42832947	2.3175964	9.094727
12919058	ACC	0.6078949	2.285263	10.3828125
12919078	ACC	0.37805176	2.1164856	10.544434
12919131	MAG	-4.1259766	10.400391	-42.095947
12919115	GYR	0.29823303	0.448349	0.24006653
12919098	ACC	0.20924377	1.6256714	10.271484
12919118	ACC	0.1829071	1.2342072	11.133392
12919138	ACC	0.18890381	1.1456299	11.915115
12919159	ACC	-0.2504425	0.89424133	11.049606
12919179	ACC	-0.68377686	0.61650085	10.838913
12919231	MAG	-3.3599854	9.036255	-41.752625
12919216	GYR	-0.1421051	-0.1020813	0.22520447
12919199	ACC	-0.7209015	0.27174377	11.326141
12919219	ACC	-0.51379395	-0.11613464	13.444992
12919239	ACC	-0.34979248	0.16281128	14.547531
12919260	ACC	-0.4323883	0.683548	12.289795
12919280	ACC	-0.5880127	1.035492	8.6901245
12919300	ACC	-0.8082886	1.0510559	8.575195
12919331	MAG	-2.7450562	9.207153	-40.86914
12919317	GYR	0.016464233	-0.35087585	0.12449646
12919320	ACC	-0.9854584	0.85713196	9.583145
12919340	ACC	-0.75201416	0.8128357	9.705261
12919361	ACC	-0.60357666	1.0510559	8.975021
12919381	ACC	-0.30789185	1.1444244	7.9706573
12919401	ACC	-0.10319519	1.1983032	7.416397
12919431	MAG	-3.3859253	10.07843	-43.55774
12919418	GYR	-0.247818	0.27560425	0.2539673
12919421	ACC	0.01890564	1.3048401	7.226059
12919442	ACC	0.08834839	1.4077911	7.1721954
12919462	ACC	-0.006225586	1.2797089	6.644272
12919482	ACC	-0.10559082	1.4185638	7.1997223
12919502	ACC	0.13502502	1.4844055	8.380066
12919531	MAG	-3.3676147	9.796143	-42.07306
12919631	MAG	-1.7120361	11.0321045	-41.955566
12919519	GYR	-0.19210815	0.19192505	0.21051025
12919522	ACC	0.10510254	1.6783447	8.635056
12919543	ACC	0.039260864	2.0458374	8.587173
12919563	ACC	-0.02178955	2.012329	8.642227
12919583	ACC	0.060821533	2.0494385	8.753555
12919603	ACC	0.07757568	1.9692383	9.955444
12919620	GYR	0.09854126	0.25141907	-0.04446411
12919731	MAG	-1.4297485	12.391663	-43.03131
12919623	ACC	0.067993164	1.593338	12.028824
12919644	ACC	-0.21691895	1.5430603	12.225159
12919664	ACC	-0.2624054	1.4281464	10.604279
12919684	ACC	0.16615295	1.1839294	10.388794
12919704	ACC	0.64979553	0.7445984	11.278244
12919724	ACC	0.5851593	-0.5458832	11.927078
12919721	GYR	-0.34161377	-0.50831604	-0.31584167
12919831	MAG	-1.3946533	11.361694	-40.48767
12919744	ACC	1.1621552	-1.2366028	15.160446
12919765	ACC	1.9055481	-0.73861694	17.755768
12919785	ACC	1.323761	-0.085006714	14.966522
12919805	ACC	0.80062866	0.65122986	11.216003
12919825	ACC	0.75154114	0.8271942	9.135437
12919931	MAG	-5.027771	12.091064	-40.974426
12919822	GYR	0.26472473	-0.16435242	-0.32234192
12919846	ACC	0.73838806	0.52911377	8.13826
12919866	ACC	0.83654785	0.52671814	8.562027
12919886	ACC	0.616272	0.4297638	8.808624
12919906	ACC	0.3445282	0.45968628	8.0784
12919926	ACC	0.017715454	0.65960693	7.0620575
12919947	ACC	-0.3007202	1.0055695	6.0540924
12920031	MAG	-4.5791626	10.705566	-41.96167
12919923	GYR	-0.087509155	0.3007965	-0.23573303
12919967	ACC	-0.34500122	1.2138519	6.111557
12919987	ACC	0.12664795	1.1312714	6.4407654
12920007	ACC	-0.063690186	1.2976532	6.5880127
12920027	ACC	0.24636841	1.2234344	7.3625336
12920048	ACC	0.28826904	1.2797089	8.503372
12920131	MAG	-5.1651	10.107422	-40.763855
12920024	GYR	0.004486084	-0.33787537	-0.08963013
12920125	GYR	0.007461548	0.08668518	0.042526245
12920068	ACC	0.5181122	1.3838501	8.906784
12920088	ACC	0.40559387	1.7022705	9.305435
12920108	ACC	0.20207214	1.8195953	9.574783
12920128	ACC	0.027297974	1.5358887	10.53006
12920149	ACC	0.015319824	1.4281464	12.186844
12920169	ACC	0.37086487	1.1635742	12.695618
12920231	MAG	-5.6274414	12.861633	-40.264893
12920226	GYR	-0.018417358	-0.20584106	0.38197327
12920189	ACC	0.3624878	0.7410126	12.0551605
12920209	ACC	-0.37493896	0.43095398	12.079117
12920229	ACC	-0.46591187	0.8236084	13.04158
12920250	ACC	-0.30789185	0.4046173	13.800537
12920270	ACC	0.27389526	0.08140564	14.376343
12920331	MAG	-3.7872314	9.527588	-39.408875
12920327	GYR	0.002456665	-0.0084991455	0.3742981
12920290	ACC	0.5276947	0.19393921	13.029602
12920310	ACC	-0.090026855	0.44293213	10.284653
12920330	ACC	-0.23846436	0.5315094	9.101913
12920351	ACC	-0.3892975	0.28251648	9.006149
12920371	ACC	-0.19416809	-0.13647461	9.598724
12920391	ACC	0.0811615	-0.2992859	10.149384
12920431	MAG	-3.8101196	12.110901	-40.229797
12920428	GYR	-0.3936615	0.37664795	0.19570923
12920411	ACC	0.46783447	-0.20471191	9.565201
12920431	ACC	0.5719757	0.03352356	8.517731
12920452	ACC	0.4666443	0.32681274	7.6127167
12920472	ACC	0.4235382	0.4441223	7.380493
12920492	ACC	0.07159424	0.8319855	7.1326904
12920531	MAG	-2.7664185	15.792847	-39.604187
12920529	GYR	-0.0152282715	-0.028579712	0.07054138
12920631	MAG	-3.3416748	13.827515	-38.069153
12920512	ACC	-0.054107666	1.1157074	5.8721466
12920532	ACC	-0.094818115	1.2773132	5.6039886
12920553	ACC	-0.23606873	1.5011597	7.15184
12920573	ACC	-0.14508057	1.5107422	8.426758
12920593	ACC	-0.121154785	1.632843	8.625473
12920613	ACC	-0.285141	1.8291779	8.824188
12920630	GYR	0.0332489	-0.081100464	0.09269714
12920731	MAG	-2.2979736	14.125061	-39.105225
12920634	ACC	-0.13311768	1.6771393	9.598709
12920654	ACC	0.0057373047	1.4640503	10.627029
12920674	ACC	0.06918335	1.4065857	11.390778
12920694	ACC	0.23080444	1.2557526	11.612244
12920714	ACC	0.29664612	1.1671753	11.633789
12920831	MAG	-3.0456543	15.9729	-37.69226
1624135400416	RSSWIFI	08:4f:a9:4a:65:2f	Campus-Telecom	5580	-51
1624135400416	RSSWIFI	08:4f:a9:4a:65:2e	eduroam	5580	-51
1624135400416	RSSWIFI	08:4f:a9:4a:65:20	Campus-Telecom	2462	-55
1624135400416	RSSWIFI	08:4f:a9:4a:65:21	eduroam	2462	-56
1624135400416	RSSWIFI	08:4f:a9:c6:e9:ee	eduroam	5500	-56
1624135400416	RSSWIFI	08:4f:a9:c6:e9:ef	Campus-Telecom	5500	-57
1624135400416	RSSWIFI	80:2a:a8:87:1b:8c	Wifi - Bar x Rezel	2462	-62
1624135400416	RSSWIFI	82:2a:a8:87:1b:8c	AdminBar	2462	-63
1624135400416	RSSWIFI	1c:7e:e5:4b:1a:3e	Rezel	2462	-64
1624135400416	RSSWIFI	f6:92:bf:3e:46:fc	OpenWrt2.4	2462	-69
1624135400416	RSSWIFI	08:4f:a9:c6:e9:e0	Campus-Telecom	2437	-69
1624135400416	RSSWIFI	08:4f:a9:4a:63:8e	eduroam	5320	-69
1624135400416	RSSWIFI	b0:7b:df:df:e5:bf	Telecom Etude	2427	-70
1624135400416	RSSWIFI	08:4f:a9:4a:63:8f	Campus-Telecom	5320	-70
1624135400416	RSSWIFI	08:4f:a9:c6:e9:e1	eduroam	2437	-71
1624135400416	RSSWIFI	10:b3:d5:5b:24:c1	Campus-Telecom	2462	-72
1624135400416	RSSWIFI	f4:92:bf:3e:46:fc	OpenWrt5	5180	-73
1624135400416	RSSWIFI	08:4f:a9:4a:63:80	Campus-Telecom	2437	-74
1624135400416	RSSWIFI	10:b3:d5:5b:24:cf	eduroam	5580	-74
1624135400416	RSSWIFI	08:4f:a9:4a:63:81	eduroam	2437	-75
1624135400416	RSSWIFI	10:b3:d5:5b:24:ce	Campus-Telecom	5580	-75
1624135400416	RSSWIFI	70:4f:57:1c:b5:db	sushiwep	2412	-77
1624135400416	RSSWIFI	10:b3:d5:5b:12:0e	Campus-Telecom	5180	-78
1624135400416	RSSWIFI	10:b3:d5:5b:12:0f	eduroam	5180	-79
1624135400416	RSSWIFI	08:4f:a9:69:fe:6f	Campus-Telecom	5320	-80
1624135400416	RSSWIFI	08:4f:a9:69:fe:6e	eduroam	5320	-82
1624135400416	RSSWIFI	70:4f:57:1c:b5:da	sushiwep	5180	-86
1624135400416	RSSWIFI	10:b3:d5:56:5b:a1	Campus-Telecom	2412	-89
1624135400416	RSSWIFI	08:4f:a9:69:fe:61	eduroam	2437	-90
1624135400416	RSSWIFI	08:4f:a9:69:fe:60	Campus-Telecom	2437	-91
12920731	GYR	-0.0076141357	-0.059951782	-0.081207275
12920734	ACC	0.4594574	0.92297363	11.940247
12920755	ACC	0.48698425	0.33638	11.514069
12920775	ACC	0.3948059	-0.9277649	11.856445
12920795	ACC	0.69169617	-1.6316528	15.225098
12920815	ACC	1.2662964	-1.1360626	18.172348
12920836	ACC	1.2148285	-0.26455688	16.660416
12920931	MAG	-3.3554077	14.117432	-39.11133
12920832	GYR	-0.0708313	0.24230957	-0.18566895
12920856	ACC	0.5300751	0.104156494	12.304169
12920876	ACC	0.48458862	0.101745605	9.253952
12920896	ACC	0.64260864	-0.027542114	9.320984
12920916	ACC	0.86528015	-0.020355225	10.587524
12920937	ACC	1.1022949	-0.12809753	10.429504
12921031	MAG	-2.456665	11.346436	-40.93628
12920933	GYR	0.285614	-0.17893982	-0.29405212
12920957	ACC	0.85450745	-0.0011901855	9.025299
12920977	ACC	0.595932	0.25019836	8.150223
12920997	ACC	0.33016968	0.43095398	7.454712
12921017	ACC	0.33016968	0.34475708	7.0153656
12921038	ACC	0.40078735	0.36750793	6.906433
12921058	ACC	0.4714203	0.4477234	6.8405914
12921034	GYR	0.3771057	-0.12637329	-0.22747803
12921131	MAG	-5.9188843	11.486816	-40.074158
12921078	ACC	0.35650635	0.44532776	6.696945
12921098	ACC	0.37565613	0.6607971	6.7292633
12921118	ACC	0.38763428	0.9624634	7.0584717
12921139	ACC	0.39001465	1.2761078	7.387665
12921159	ACC	0.36488342	1.577774	7.3385925
12921231	MAG	-2.1484375	10.279846	-40.89966
12921135	GYR	0.15298462	0.033584595	-0.011871338
12921236	GYR	0.11553955	0.032989502	0.2055664
12921179	ACC	0.24995422	1.7082672	7.853348
12921199	ACC	0.23439026	1.5682068	9.483795
12921219	ACC	0.50494385	1.327591	11.265076
12921240	ACC	0.84732056	1.1061249	12.336487
12921260	ACC	0.5468445	0.8714905	12.173676
12921280	ACC	-0.17501831	0.28849792	12.027634
12921331	MAG	-2.2979736	11.204529	-40.33966
12921337	GYR	-0.10423279	0.26287842	0.36454773
12921300	ACC	-0.3414154	0.8355713	12.514847
12921320	ACC	-0.31507874	0.1149292	13.789764
12921341	ACC	0.27868652	-0.36392212	15.021576
12921361	ACC	0.38163757	-0.3962555	14.0902405
12921381	ACC	-0.003829956	-0.74580383	11.796585
12921431	MAG	-2.1591187	12.112427	-40.959167
12921438	GYR	0.0660553	0.13201904	0.08177185
12921401	ACC	-0.16064453	-0.8954315	10.694061
12921421	ACC	-0.28993225	-0.762558	10.429504
12921442	ACC	-0.30789185	-0.58898926	10.330154
12921462	ACC	-0.31866455	-0.44532776	9.753143
12921482	ACC	-0.29592896	-0.37469482	9.214447
12921502	ACC	-0.46591187	-0.12211609	8.894821
12921531	MAG	-0.84228516	14.067078	-43.67218
12921539	GYR	0.04347229	0.10820007	-0.12872314
12921522	ACC	-0.6885681	-0.0059814453	9.340149
12921543	ACC	-0.6742096	-0.053878784	9.686111
12921563	ACC	-0.68019104	-0.029937744	9.348511
12921583	ACC	-0.58561707	-0.17358398	9.14502
12921603	ACC	-0.537735	-0.1903534	9.962631
12921632	MAG	-0.045776367	10.435486	-41.78009
12921640	GYR	0.10467529	0.017654419	-0.0382843
12921731	MAG	-0.04119873	11.209106	-41.06598
12921623	ACC	-0.27198792	-0.35913086	10.783844
12921644	ACC	-0.05769348	-0.410614	10.599487
12921664	ACC	0.05722046	-0.29449463	9.674133
12921684	ACC	0.05961609	-0.0861969	9.0265045
12921704	ACC	-0.20733643	-0.068237305	9.243179
12921724	ACC	-0.31149292	-0.34118652	9.943481
12921832	MAG	0.5584717	9.057617	-42.321777
12921741	GYR	0.29562378	0.2230835	-0.19364929
12921745	ACC	-0.15826416	-0.017959595	10.184097
12921765	ACC	-0.14749146	0.17358398	9.694473
12921785	ACC	-0.67181396	0.53630066	8.295074
12921805	ACC	-0.21452332	0.3950348	7.846161
12921825	ACC	-0.32225037	0.15203857	10.022491
