96214256	ACC	-0.11036682	0.3244171	9.868057
96214276	ACC	-0.07446289	0.16879272	9.604691
96214296	ACC	-0.15107727	0.43214417	9.355698
96214316	ACC	-0.17979431	0.62368774	9.690887
96214336	ACC	-0.16543579	0.70269775	9.889603
96214357	ACC	-0.20613098	0.786499	9.820175
96214377	ACC	-0.13430786	0.87028503	9.987762
96214397	ACC	-0.09840393	0.9397278	9.954254
96214417	ACC	-0.06008911	0.9612732	10.045227
96214437	ACC	-0.08642578	0.9133911	10.057205
96214457	ACC	-0.13191223	0.9109955	10.473785
96214477	ACC	-0.13430786	0.90859985	10.469009
96214497	ACC	-0.16064453	1.1839294	10.057205
96214518	ACC	-0.02418518	1.2389984	9.743561
96214538	ACC	0.15538025	1.1695709	9.705246
96214558	ACC	0.20327759	1.2150574	9.944672
96214578	ACC	0.1960907	1.0977325	10.181702
96214598	ACC	0.23199463	0.925354	9.87764
96214618	ACC	0.2583313	0.94210815	9.619064
96214638	ACC	0.16256714	1.035492	9.6597595
96214658	ACC	0.12666321	1.0426788	9.334152
96214679	ACC	0.07398987	1.0905609	9.195282
96214699	ACC	-0.014602661	1.1025238	9.331757
96214719	ACC	-0.11994934	1.0929565	9.549637
96214739	ACC	-0.05769348	1.1001282	9.848907
96214759	ACC	-0.21810913	0.9229584	9.643005
96214779	ACC	-0.19177246	0.95648193	9.95665
96214799	ACC	-0.22529602	0.9947815	10.217606
96214819	ACC	-0.06967163	0.87268066	10.071564
96214840	ACC	0.018920898	0.98760986	10.033264
96214860	ACC	-0.028961182	1.0259094	10.306198
96214880	ACC	-0.08642578	0.9900055	10.243942
96214900	ACC	-0.2731781	1.0905609	9.571182
96214920	ACC	-0.18937683	1.0163422	10.011719
96214940	ACC	-0.07923889	0.87986755	10.638992
96214960	ACC	-0.07206726	0.76493835	10.299011
96214980	ACC	-0.31626892	0.7457886	9.437103
96215001	ACC	-0.26359558	1.2270203	9.552017
96215021	ACC	-0.12713623	1.2988586	9.913544
96215041	ACC	-0.06488037	0.9828186	10.25592
96215061	ACC	0.02848816	0.75057983	10.62941
96215081	ACC	-0.285141	0.8678894	9.803421
96215101	ACC	-0.49343872	0.98521423	8.821793
96215122	ACC	-0.33302307	1.0307007	9.422745
96215142	ACC	-0.17022705	0.925354	10.222397
96215162	ACC	-0.1869812	0.8535309	10.114655
96215182	ACC	-0.31866455	0.9516907	9.829758
96215215	MAG	-0.6668091	-40.87372	-41.01715
96215147	GYR	0.05117798	-0.041107178	-0.057922363
96215315	MAG	-0.37994385	-40.429688	-42.063904
96215202	ACC	-0.36654663	1.0115509	9.671738
96215223	ACC	-0.31626892	0.94929504	9.698074
96215243	ACC	-0.14389038	0.9038086	10.129028
96215263	ACC	-0.08403015	0.8391571	10.835312
96215283	ACC	-0.1295166	0.78170776	10.921509
96215228	GYR	0.0019073486	-0.077056885	-0.020904541
96215415	MAG	-1.8692017	-39.645386	-40.029907
96215308	GYR	0.13986206	-0.001159668	-0.039276123
96215303	ACC	-0.44076538	0.98521423	9.769897
96215324	ACC	-0.53414917	1.217453	9.18811
96215344	ACC	-0.49822998	1.198288	9.178528
96215364	ACC	-0.50541687	1.2892761	9.4969635
96215384	ACC	-0.5628662	1.2198486	9.824966
96215404	ACC	-0.42640686	1.0235138	9.729202
96215389	GYR	-0.081451416	-0.15322876	0.13702393
96215515	MAG	-1.8844604	-39.050293	-41.082764
96215470	GYR	-0.008483887	-0.09196472	0.13409424
96215425	ACC	-0.14628601	0.9109955	9.947067
96215445	ACC	-0.08163452	0.95887756	10.332535
96215465	ACC	-2.2888184E-4	0.9397278	9.71962
96215485	ACC	-0.0026245117	0.9468994	9.001358
96215505	ACC	-0.04573059	1.0690155	9.415558
96215526	ACC	0.07398987	1.0187225	10.411545
96215615	MAG	-2.1850586	-38.58795	-40.657043
96215551	GYR	-0.0758667	-0.0078125	0.035827637
96215546	ACC	0.15538025	0.980423	10.172119
96215566	ACC	0.03807068	1.0187225	9.461044
96215586	ACC	0.06440735	1.0378876	9.671738
96215606	ACC	0.08355713	0.97802734	10.313385
96215627	ACC	0.10749817	0.9038086	9.932709
96215647	ACC	0.0763855	0.9038086	9.470627
96215715	MAG	-3.0960083	-39.52484	-41.51764
96215632	GYR	-0.04576111	-0.0059509277	0.019317627
96215712	GYR	-0.034317017	-0.0024871826	0.008392334
96215667	ACC	0.09074402	0.8774719	9.999741
96215687	ACC	0.0763855	0.8391571	10.140991
96215707	ACC	0.018920898	0.87268066	9.853699
96215728	ACC	0.03807068	0.87268066	9.745956
96215748	ACC	0.050048828	0.89183044	10.107483
96215768	ACC	0.03807068	0.8822632	10.11705
96215815	MAG	-3.1158447	-38.16681	-42.59491
96215793	GYR	-0.023132324	0.004699707	0.019042969
96215788	ACC	0.04046631	0.89183044	9.8728485
96215808	ACC	0.0021514893	0.8942261	9.745956
96215829	ACC	0.03567505	0.9229584	9.803421
96215849	ACC	0.07159424	0.89901733	10.023682
96215869	ACC	0.09313965	0.8271942	9.93988
96215889	ACC	-0.05052185	0.85832214	9.757919
96215915	MAG	-2.3529053	-37.382507	-41.583252
96215874	GYR	-0.030319214	-0.0030212402	0.015594482
96216015	MAG	-2.4993896	-36.453247	-40.727234
96215909	ACC	0.03327942	0.8822632	9.891998
96215930	ACC	0.02609253	0.8678894	9.889603
96215950	ACC	0.07876587	0.8750763	9.815384
96215970	ACC	0.08355713	0.9325409	9.911148
96215990	ACC	0.05482483	0.94210815	10.050018
96215955	GYR	-0.050827026	0.023086548	0.0073394775
96216115	MAG	-2.1865845	-39.053345	-41.08429
96216036	GYR	-0.0028839111	-0.0309906	-0.011062622
96216010	ACC	-0.02178955	0.87986755	9.908768
96216031	ACC	-0.06967163	0.89183044	9.7938385
96216051	ACC	-0.08642578	0.9468994	9.583145
96216071	ACC	0.009338379	0.9157715	9.4969635
96216091	ACC	0.14581299	0.7841034	9.726807
96216111	ACC	0.14341736	0.7386017	9.971008
96216116	GYR	-0.077194214	-0.0051574707	-0.024902344
96216215	MAG	-3.288269	-37.27112	-43.95294
96216132	ACC	0.021316528	0.7888794	9.949463
96216152	ACC	-0.10079956	0.93014526	9.7938385
96216172	ACC	-0.13670349	1.028305	9.848907
96216192	ACC	-0.16783142	1.0570374	9.832153
96216212	ACC	-0.14389038	1.1192932	9.688492
96216233	ACC	-0.17979431	1.1695709	9.698074
96216197	GYR	-0.058807373	-0.011016846	-0.019302368
96216315	MAG	-3.42865	-35.569763	-42.38434
96216278	GYR	-0.088378906	-0.0056915283	0.01159668
96216253	ACC	-0.20852661	1.1719513	9.686096
96216273	ACC	-0.20852661	1.0642242	9.554413
96216293	ACC	-0.18458557	1.0666199	9.592728
96216313	ACC	-0.10557556	1.1312561	9.812988
96216334	ACC	-0.03375244	1.0450592	9.906372
96216354	ACC	-0.11994934	0.9516907	9.820175
96216415	MAG	-3.2653809	-36.47461	-41.76483
96216359	GYR	-0.07852173	0.14186096	-0.027572632
96216374	ACC	-0.15107727	0.8391571	9.571182
96216394	ACC	-0.11994934	0.8678894	9.293457
96216414	ACC	-0.35697937	1.0474548	9.06839
96216435	ACC	-0.48387146	1.1336517	9.018112
96216455	ACC	-0.6418762	1.1551971	9.209656
96216475	ACC	-0.75201416	1.2461853	9.413162
96216515	MAG	-1.1795044	-34.64966	-43.28766
96216440	GYR	-0.21354675	0.19458008	-0.060058594
96216495	ACC	-0.57484436	1.332367	9.710037
96216515	ACC	-0.32824707	1.301239	9.947067
96216536	ACC	-0.29951477	1.1121063	10.437881
96216556	ACC	-0.29232788	0.87986755	10.854477
96216576	ACC	-0.01939392	1.1432343	10.737152
96216615	MAG	-1.1917114	-35.43396	-44.59076
96216520	GYR	-0.23191833	0.068878174	-0.04408264
96216601	GYR	0.1734314	-0.21421814	-0.15060425
96216596	ACC	0.308609	1.8183899	9.932709
96216616	ACC	0.38761902	2.0386658	9.437103
96216637	ACC	0.521698	1.945282	9.741165
96216657	ACC	0.7060547	2.0195007	9.568787
96216677	ACC	0.61268616	1.9596558	9.5759735
96216697	ACC	0.41156006	1.5837555	10.368454
96216716	MAG	-2.8457642	-35.591125	-44.152832
96216682	GYR	-0.14030457	-0.09542847	-0.13809204
96216815	MAG	-2.5604248	-34.68628	-45.065308
96216763	GYR	-0.007156372	0.07261658	0.09147644
96216717	ACC	0.19848633	1.375473	11.328522
96216738	ACC	0.030883789	1.6508026	11.156143
96216758	ACC	0.004547119	2.0506287	9.7938385
96216778	ACC	0.04046631	2.127243	8.687714
96216798	ACC	0.15538025	2.2900543	8.441116
96216818	ACC	0.22242737	2.395401	8.486603
96216915	MAG	-5.7113647	-35.30121	-43.73474
96216844	GYR	0.17581177	-0.25868225	0.14927673
96216839	ACC	0.3660736	2.261322	8.587158
96216859	ACC	0.50494385	2.2349854	8.915161
96216879	ACC	0.5983124	2.2589264	9.559204
96216899	ACC	0.7132416	2.2589264	9.9279175
96216920	ACC	0.8042145	2.376236	10.0859375
96216940	ACC	0.7132416	2.2014618	10.59111
96217015	MAG	-6.5933228	-36.506653	-42.225647
96216924	GYR	0.09272766	0.08673096	0.17004395
96217005	GYR	0.12069702	0.15171814	0.15353394
96216960	ACC	0.8640747	1.8543091	11.570343
96216980	ACC	1.0268707	1.811203	12.34845
96217000	ACC	0.58872986	1.7896576	11.989319
96217020	ACC	-0.28274536	0.9468994	11.113037
96217041	ACC	-0.6179352	0.61650085	11.685257
96217061	ACC	-0.30908203	0.116119385	12.923065
96217115	MAG	-5.079651	-36.03058	-41.789246
96217086	GYR	-0.10942078	-0.01713562	0.20838928
96217081	ACC	-0.04812622	-0.5686188	13.547943
96217101	ACC	0.009338379	-0.66918945	13.093048
96217121	ACC	-0.3856964	-0.78170776	12.200012
96217142	ACC	-0.85975647	-0.52552795	11.199234
96217162	ACC	-0.59399414	0.3866577	9.480194
96217182	ACC	-0.90045166	0.9133911	7.811447
96217215	MAG	-6.121826	-36.480713	-40.74707
96217167	GYR	0.4131012	0.18074036	0.09388733
96217315	MAG	-7.911682	-36.772156	-38.975525
96217202	ACC	-1.2476196	1.035492	7.361328
96217222	ACC	-0.8621521	1.1240692	8.077194
96217243	ACC	-0.39048767	0.9924011	8.764328
96217263	ACC	-0.2444458	0.9349365	8.658981
96217283	ACC	-0.10557556	1.0091553	8.211273
96217248	GYR	0.021347046	-0.3162079	0.25898743
96217415	MAG	-8.653259	-37.83722	-38.356018
96217329	GYR	-0.07984924	-0.026184082	0.11732483
96217303	ACC	-0.07684326	1.0307007	7.806656
96217323	ACC	0.014129639	1.1121063	7.9167786
96217344	ACC	0.13383484	1.1695709	8.263947
96217364	ACC	0.05482483	1.2030792	8.429138
96217384	ACC	-0.06488037	1.193512	8.376465
96217404	ACC	0.04525757	1.2102661	8.369293
96217409	GYR	0.24240112	0.13386536	-0.03501892
96217515	MAG	-6.6970825	-36.909485	-38.52234
96217424	ACC	0.06440735	1.8423309	8.1609955
96217445	ACC	-0.2444458	2.558197	7.8808746
96217465	ACC	-0.15585327	2.558197	8.352524
96217485	ACC	-0.03375244	2.4121552	9.307816
96217505	ACC	-0.34020996	2.0218964	10.706024
96217526	ACC	-0.37373352	1.7752991	12.041992
96217490	GYR	0.032806396	0.15223694	-0.07550049
96217615	MAG	-5.7876587	-38.58795	-38.905334
96217571	GYR	0.045318604	0.012420654	-0.20440674
96217546	ACC	-0.40963745	1.5310822	12.161697
96217566	ACC	-0.34020996	1.9381104	11.168106
96217586	ACC	-0.27078247	2.1368256	9.812988
96217606	ACC	-0.11994934	1.0953369	9.504135
96217627	ACC	-0.03135681	-0.23344421	11.364441
96217647	ACC	0.11228943	-1.4401093	14.768997
96217715	MAG	-3.3721924	-38.11035	-38.760376
96217652	GYR	-0.68652344	0.048110962	-0.22250366
96217667	ACC	0.24636841	-1.5837708	16.667587
96217687	ACC	0.5073395	-0.6715698	14.335632
96217707	ACC	0.5001526	0.42736816	9.597519
96217728	ACC	0.12904358	0.7338257	6.614334
96217748	ACC	0.14102173	0.79367065	6.877701
96217768	ACC	0.33973694	0.5686188	8.486603
96217815	MAG	-2.772522	-36.880493	-38.500977
96217733	GYR	0.30737305	-0.069869995	-0.1511383
96217915	MAG	0.8621216	-36.532593	-37.457275
96217813	GYR	-0.22047424	0.051315308	-0.3197174
96217788	ACC	0.4019928	0.4728546	9.341339
96217808	ACC	0.24876404	0.4920044	9.587936
96217829	ACC	0.08834839	0.5231323	9.118668
96217849	ACC	-0.26119995	0.7050934	8.500977
96217869	ACC	-0.4000702	0.8535309	8.266342
96217889	ACC	-0.30670166	0.9636688	8.213669
96217894	GYR	-0.008483887	0.054504395	-0.16685486
96218015	MAG	2.3788452	-37.590027	-37.416077
96217909	ACC	-0.2516327	1.114502	8.280701
96217930	ACC	-0.14868164	1.2054749	8.21846
96217950	ACC	-0.03135681	1.320404	7.8928375
96217970	ACC	0.11708069	1.3180084	7.320633
96217990	ACC	0.1673584	1.4688416	7.50737
96218010	ACC	0.6366272	1.4927826	9.200073
96217975	GYR	-0.03883362	-0.20170593	0.012924194
96218115	MAG	1.4526367	-35.931396	-38.35907
96218056	GYR	-0.054016113	0.14079285	0.09335327
96218031	ACC	0.47621155	1.2342072	11.357254
96218051	ACC	0.17454529	0.7697296	12.662094
96218071	ACC	0.0763855	0.5398865	12.11142
96218091	ACC	0.14581299	0.4513092	11.591888
96218111	ACC	0.39241028	0.63327026	12.19043
96218132	ACC	-0.39048767	0.60931396	11.139374
96218137	GYR	-0.11393738	0.05317688	0.22357178
96218215	MAG	3.8589478	-36.846924	-39.497375
96218152	ACC	-1.3074646	0.23342896	10.236771
96218172	ACC	-1.6857605	-0.98760986	12.508865
96218192	ACC	-0.8238373	-1.9285278	15.961304
96218212	ACC	-0.12713623	-1.3060455	16.049881
96218233	ACC	-0.76638794	-0.5686188	11.584702
96218253	ACC	-1.0776215	0.094573975	8.067627
96218315	MAG	2.3651123	-36.531067	-38.04016
96218217	GYR	0.077819824	-0.11088562	0.36712646
96218298	GYR	0.065826416	-0.32633972	0.19268799
96218273	ACC	-0.9818573	0.7457886	7.5361023
96218293	ACC	-0.790329	0.7769165	7.861725
96218313	ACC	-0.49822998	0.7050934	8.055649
96218334	ACC	-0.16543579	0.7003021	8.211273
96218354	ACC	0.08595276	0.6141052	8.429138
96218374	ACC	0.14341736	0.5614319	8.661377
96218415	MAG	1.4541626	-36.38916	-38.345337
96218379	GYR	-0.08331299	-0.053619385	0.2723236
96218516	MAG	1.2023926	-38.17444	-35.040283
96218394	ACC	0.14820862	0.69311523	8.338165
96218414	ACC	0.16975403	0.786499	7.897629
96218435	ACC	0.21044922	0.8631134	7.9838257
96218455	ACC	0.15777588	0.89901733	8.058044
96218475	ACC	0.09313965	1.0378876	7.538498
96218495	ACC	0.12187195	1.2198486	7.4690704
96218460	GYR	0.02748108	0.09286499	0.23529053
96218615	MAG	2.7282715	-38.60321	-33.83789
96218541	GYR	0.049316406	0.11016846	0.01159668
96218515	ACC	0.23439026	1.3970184	8.479416
96218536	ACC	0.224823	1.332367	9.633423
96218556	ACC	0.1673584	1.1432343	10.368454
96218576	ACC	-0.04093933	0.56622314	10.904755
96218596	ACC	-0.48387146	0.70988464	11.539215
96218616	ACC	-0.41921997	0.76493835	11.951019
96218621	GYR	0.15132141	0.24971008	-0.085617065
96218715	MAG	4.2404175	-38.28125	-33.543396
96218637	ACC	0.18411255	1.2653351	12.080307
96218657	ACC	0.54563904	0.6500244	11.749908
96218677	ACC	0.7012634	-0.3148346	11.397949
96218697	ACC	0.3660736	-1.1743622	12.037201
96218717	ACC	1.0843353	-1.4329376	14.263809
96218738	ACC	1.3429108	-0.37948608	14.448166
96218815	MAG	4.5532227	-36.72638	-31.820679
96218702	GYR	-0.35176086	-0.309021	-0.3103943
96218783	GYR	0.006439209	-9.0026855E-4	-0.17669678
96218758	ACC	0.6485901	-0.022750854	11.3476715
96218778	ACC	0.48579407	0.025131226	9.073181
96218798	ACC	0.27989197	0.118515015	8.436325
96218818	ACC	0.33494568	-0.096969604	8.639832
96218839	ACC	0.5073395	-0.080215454	9.063614
96218859	ACC	0.39720154	0.106536865	9.121063
96218915	MAG	5.0186157	-34.246826	-29.682922
96218864	GYR	-0.05215454	-0.012069702	-0.17857361
96218879	ACC	0.35650635	0.15681458	8.797852
96218899	ACC	0.14341736	0.35075378	8.168182
96218919	ACC	-0.12234497	0.683548	7.478653
96218940	ACC	-0.07923889	0.87028503	7.4690704
96218960	ACC	0.22242737	0.93733215	7.7180634
96218980	ACC	0.41635132	0.8200073	7.885666
96219015	MAG	6.575012	-36.946106	-27.078247
96218945	GYR	0.09991455	0.1924591	-0.18841553
96219115	MAG	4.6157837	-36.340332	-26.51825
96219000	ACC	0.46662903	0.7003021	8.364502
96219020	ACC	0.37805176	0.8774719	9.137833
96219041	ACC	0.6294403	1.2222443	9.312607
96219061	ACC	0.4642334	1.0690155	8.821793
96219081	ACC	0.3445282	0.60214233	9.46344
96219025	GYR	0.33587646	0.02041626	-0.011047363
96219215	MAG	5.534363	-34.625244	-24.649048
96219106	GYR	0.10710144	0.13653564	0.045410156
96219101	ACC	0.3517151	0.26455688	11.225571
96219121	ACC	0.34692383	0.20709229	12.135361
96219142	ACC	0.13623047	0.68115234	11.800186
96219162	ACC	-0.8238373	0.21188354	11.405136
96219182	ACC	-1.4319763	-0.20710754	12.396332
96219202	ACC	-1.2332458	-1.2150574	15.381912
96219187	GYR	-0.3829193	-0.032318115	0.29281616
96219315	MAG	1.8951416	-32.51953	-25.032043
96219268	GYR	0.3590393	0.018295288	0.2960205
96219222	ACC	-0.48864746	-1.0618286	16.99559
96219243	ACC	-0.6682129	-0.2454071	13.942993
96219263	ACC	-1.2236786	0.118515015	9.520905
96219283	ACC	-1.2260742	0.5422821	7.8880615
96219303	ACC	-1.2428284	0.786499	8.453079
96219323	ACC	-1.1781769	0.56622314	8.967834
96219415	MAG	2.2079468	-32.65686	-24.14093
96219349	GYR	-0.15628052	0.18580627	0.16711426
96219344	ACC	-1.1183319	0.5279236	8.721237
96219364	ACC	-1.1853638	0.43693542	8.405197
96219384	ACC	-1.3098602	0.47764587	8.290283
96219404	ACC	-1.0919952	0.8056488	8.101135
96219424	ACC	-0.85975647	0.9612732	7.6558228
96219445	ACC	-0.49343872	1.0187225	7.3517456
96219515	MAG	0.9963989	-31.288147	-23.895264
96219429	GYR	-0.19171143	0.25263977	0.2094574
96219510	GYR	0.28234863	-0.33032227	-0.020645142
96219465	ACC	-0.3426056	1.028305	7.6510315
96219485	ACC	-0.16783142	1.1192932	8.345352
96219505	ACC	0.011734009	1.0977325	8.369293
96219525	ACC	0.26072693	1.277298	7.8042603
96219546	ACC	0.4235382	1.3587036	7.919174
96219566	ACC	0.28227234	1.0570374	9.224014
96219615	MAG	-0.34332275	-29.4281	-21.453857
96219591	GYR	0.06556702	-0.24031067	-0.39375305
96219586	ACC	0.22961426	0.5063782	11.749908
96219606	ACC	0.023712158	0.21907043	14.089035
96219626	ACC	-0.65625	0.4058075	14.18959
96219647	ACC	-1.1590271	0.7697296	12.511261
96219667	ACC	-0.33302307	1.6340332	10.739548
96219687	ACC	0.20565796	0.94929504	9.769897
96219715	MAG	-0.3555298	-26.828003	-21.24176
96219672	GYR	0.22987366	0.23719788	-0.31253052
96219707	ACC	-2.2888184E-4	0.24780273	10.559982
96219727	ACC	-0.34979248	-0.78889465	12.235931
96219748	ACC	0.21763611	-0.76734924	13.356415
96219768	ACC	0.15777588	0.092178345	12.137756
96219788	ACC	0.10270691	0.38186646	9.731583
96219816	MAG	0.36315918	-24.255371	-23.092651
96219753	GYR	-0.17118835	0.21136475	-0.4182434
96219915	MAG	1.4251709	-22.087097	-21.679688
96219834	GYR	0.08207703	-0.0309906	-0.22836304
96219808	ACC	0.16496277	0.6428375	8.388443
96219828	ACC	-0.29232788	0.6212921	7.306259
96219849	ACC	-0.6179352	0.45370483	7.107544
96219869	ACC	-0.5197754	0.34835815	8.149017
96219889	ACC	-0.41682434	0.38186646	8.905594
96219909	ACC	-0.56526184	0.48960876	8.790665
96219914	GYR	-0.15788269	0.03666687	-0.06750488
96220015	MAG	2.6000977	-19.66095	-23.374939
96219929	ACC	-0.6371002	0.75057983	8.216064
96219950	ACC	-0.68258667	1.0618286	7.344574
96219970	ACC	-0.5365448	1.3395538	6.9231873
96219990	ACC	-0.31866455	1.2988586	7.3421783
96220010	ACC	-0.11755371	1.1743469	8.546463
96220030	ACC	0.023712158	1.0115509	9.796234
96219995	GYR	-0.10542297	-0.029922485	0.019302368
96220115	MAG	3.1814575	-16.91742	-24.050903
96220076	GYR	0.12602234	0.077941895	0.0920105
96220051	ACC	0.16496277	1.1336517	10.191269
96220071	ACC	0.07159424	1.3227997	9.789047
96220091	ACC	-0.31626892	1.0019684	10.155365
96220111	ACC	-0.4790802	0.85113525	11.709198
96220132	ACC	-0.46710205	0.60453796	12.207199
96220152	ACC	-0.2947235	0.50875854	11.745117
96220215	MAG	3.4713745	-14.778137	-24.118042
96220157	GYR	0.22828674	-0.107421875	0.23742676
96220172	ACC	-0.42401123	1.0761871	10.746735
96220192	ACC	-1.2907104	0.8966217	9.755539
96220212	ACC	-1.4894257	0.31004333	10.488159
96220232	ACC	-1.3361969	-1.1791534	13.258255
96220253	ACC	-0.68977356	-1.2773132	15.460907
96220273	ACC	-0.75201416	-0.68833923	13.83046
96220315	MAG	4.6569824	-14.950562	-26.02539
96220238	GYR	-0.5054321	-0.032318115	0.46806335
96220415	MAG	6.75354	-15.110779	-27.48413
96220318	GYR	0.26023865	0.08833313	0.3237152
96220293	ACC	-1.1183319	-0.42497253	10.500122
96220313	ACC	-1.1757965	0.23103333	8.903198
96220334	ACC	-1.2380371	0.6212921	8.357315
96220354	ACC	-1.111145	0.4345398	8.47464
96220374	ACC	-0.73046875	0.39144897	8.95108
96220394	ACC	-0.3019104	0.31243896	9.111496
96220399	GYR	-0.16055298	-0.15776062	0.16525269
96220516	MAG	5.558777	-15.103149	-26.457214
96220414	ACC	-0.067276	0.43214417	8.972626
96220434	ACC	0.04525757	0.60453796	8.259155
96220455	ACC	0.018920898	0.8654938	7.1362762
96220475	ACC	0.006942749	0.9540863	6.8872833
96220495	ACC	-0.01939392	1.0761871	7.6366577
96220515	ACC	-0.25402832	1.0666199	8.29985
96220480	GYR	-0.1783905	0.24119568	0.0446167
96220615	MAG	8.6883545	-15.74707	-30.110168
96220561	GYR	0.056243896	0.003112793	-0.06352234
96220536	ACC	-0.35458374	1.1480103	8.8289795
96220556	ACC	-0.36175537	1.2126617	9.185715
96220576	ACC	-0.41682434	1.2653351	9.30542
96220596	ACC	-0.54611206	1.2270203	9.429916
96220616	ACC	-0.4503479	0.8631134	10.389999
96220637	ACC	-0.48864746	0.5686188	11.826523
96220642	GYR	0.13693237	0.07527161	-0.1580658
96220715	MAG	6.744385	-16.9693	-29.196167
96220657	ACC	-0.89805603	0.28849792	12.549561
96220677	ACC	-0.8525696	0.7003021	12.1497345
96220697	ACC	-0.3234558	0.84394836	11.227966
96220717	ACC	0.19369507	-0.1831665	11.055588
96220738	ACC	-0.39767456	-0.9708557	11.656525
96220758	ACC	-0.39767456	-1.8375549	13.231918
96220815	MAG	7.9544067	-20.185852	-30.413818
96220722	GYR	-0.09156799	0.052383423	-0.3319702
96220803	GYR	0.033599854	0.1607666	-0.5327759
96220778	ACC	0.30622864	-1.1671753	14.077072
96220798	ACC	0.06440735	-0.38427734	12.410706
96220818	ACC	-0.2516327	-0.15682983	10.449844
96220839	ACC	-0.4623108	0.101745605	8.948685
96220859	ACC	-0.97706604	0.14485168	8.369293
96220879	ACC	-1.0824127	0.26216125	8.795456
96220915	MAG	7.6309204	-20.214844	-32.18689
96220884	GYR	-0.053482056	0.02760315	-0.1902771
96221015	MAG	7.9040527	-19.480896	-34.275818
96220899	ACC	-1.008194	0.44891357	9.101913
96220919	ACC	-1.0345306	0.51594543	9.190506
96220940	ACC	-1.0656586	0.707489	8.929535
96220960	ACC	-1.142273	0.89183044	8.074799
96220980	ACC	-1.1087494	0.97802734	7.375702
96220965	GYR	0.21522522	-0.04057312	-0.021713257
96221115	MAG	7.2875977	-20.42389	-35.725403
96221046	GYR	0.13160706	-0.06321716	0.1897583
96221000	ACC	-0.82862854	0.98760986	7.3397827
96221020	ACC	-0.62272644	0.9157715	8.00058
96221041	ACC	-0.52456665	0.8607178	8.869675
96221061	ACC	-0.46710205	0.8966217	9.212051
96221081	ACC	-0.5365448	0.8822632	8.95108
96221101	ACC	-0.6969452	0.7577667	9.176132
96221126	GYR	0.08287048	0.1096344	0.37350464
96221215	MAG	8.047485	-21.180725	-35.69641
96221121	ACC	-0.9914398	0.40342712	9.947067
96221142	ACC	-1.1542358	0.20948792	10.3828125
96221162	ACC	-1.1805725	0.113723755	11.096283
96221182	ACC	-0.90045166	0.55903625	11.4027405
96221202	ACC	-1.3074646	0.28370667	10.370834
96221207	GYR	-0.20689392	-0.37747192	0.50320435
96221315	MAG	8.470154	-20.448303	-37.93335
96221222	ACC	-1.7408142	-0.063446045	10.129028
96221243	ACC	-2.3226166	-1.0498657	12.283813
96221263	ACC	-1.6809692	-1.2892761	14.986862
96221283	ACC	-1.4535217	-0.80085754	14.273392
96221303	ACC	-2.2914886	-0.23104858	10.887985
96221323	ACC	-2.3561249	0.51594543	8.690109
96221288	GYR	-0.0012969971	0.07501221	0.87072754
96221415	MAG	7.0785522	-16.654968	-38.94806
96221369	GYR	-0.03111267	-0.2576294	0.8427582
96221344	ACC	-2.3968353	0.7194519	8.165787
96221364	ACC	-2.4135895	0.36990356	8.591949
96221384	ACC	-2.3034515	0.25737	9.590332
96221404	ACC	-1.968277	0.16879272	9.961426
96221424	ACC	-1.700119	0.2789154	9.44429
96221445	ACC	-1.621109	0.45370483	8.584763
96221515	MAG	7.5134277	-19.90509	-41.941833
96221450	GYR	0.068496704	0.18553162	0.9479523
96221465	ACC	-1.5636444	0.65960693	8.062836
96221485	ACC	-1.5804138	0.767334	7.9838257
96221505	ACC	-1.4152069	0.84394836	8.175354
96221525	ACC	-1.2500153	0.8894501	8.381256
96221546	ACC	-1.1278992	0.9445038	8.579971
96221566	ACC	-0.85736084	1.1312561	8.690109
96221615	MAG	7.525635	-21.426392	-41.596985
96221530	GYR	0.16889954	0.030532837	1.1551514
96221611	GYR	0.18461609	0.05104065	1.0315857
96221586	ACC	-0.7615967	1.035492	8.931931
96221606	ACC	-0.77835083	0.76493835	9.726807
96221626	ACC	-0.69454956	0.4345398	10.794617
96221647	ACC	-0.6969452	0.5398865	11.357254
96221667	ACC	-0.39527893	1.5358734	10.363663
96221687	ACC	-0.02418518	1.7082672	8.752365
96221715	MAG	3.9382935	-23.251343	-39.344788
96221692	GYR	-0.0039520264	-0.1873169	0.6875
96221815	MAG	0.32348633	-26.190186	-40.008545
96221707	ACC	0.10749817	0.20230103	8.441116
96221727	ACC	-0.7615967	-1.272522	11.448227
96221748	ACC	-0.83821106	-1.5765839	15.836807
96221768	ACC	-0.50302124	-0.8559265	15.338806
96221788	ACC	-1.1398773	-0.041900635	11.00531
96221773	GYR	-0.0846405	0.59407043	0.6680603
96221915	MAG	-3.163147	-25.003052	-40.657043
96221854	GYR	-0.24256897	0.02760315	0.9000244
96221808	ACC	-1.7863159	0.6763611	8.386047
96221828	ACC	-2.2364197	0.8966217	8.074799
96221849	ACC	-2.4016266	0.46566772	8.943893
96221869	ACC	-2.202896	0.35792542	10.11705
96221889	ACC	-1.9491119	0.49679565	10.53125
96221909	ACC	-1.6235046	0.49919128	9.923126
96221935	GYR	-0.022323608	-0.2829132	1.1676636
96222015	MAG	-7.5546265	-23.513794	-41.02478
96221929	ACC	-1.3385925	0.54467773	8.905594
96221950	ACC	-1.0895996	0.6117096	8.3190155
96221970	ACC	-0.97706604	0.5566559	8.3190155
96221990	ACC	-0.86694336	0.5063782	8.721237
96222010	ACC	-0.85736084	0.4728546	9.171341
96222030	ACC	-0.869339	0.45848083	9.394012
96222115	MAG	-12.231445	-19.85321	-39.102173
96222015	GYR	-0.016464233	-0.028060913	1.5080261
96222096	GYR	0.17927551	0.30004883	1.8803253
96222051	ACC	-0.9842529	0.43933105	9.458649
96222071	ACC	-1.0680542	0.38426208	9.765106
96222091	ACC	-1.032135	0.24780273	10.325348
96222111	ACC	-1.0991821	-0.046691895	10.820953
96222131	ACC	-0.93637085	-0.36750793	11.4266815
96222152	ACC	-0.50541687	0.25257874	11.412323
96222215	MAG	-13.772583	-18.214417	-41.082764
1624218701839	RSSWIFI	d8:84:66:8f:ae:99	eduroam	2462	-43
1624218701839	RSSWIFI	d8:84:66:8f:ae:98	Byod	2462	-46
1624218701839	RSSWIFI	d8:84:66:8f:ae:9a	Guest	2462	-46
1624218701839	RSSWIFI	d8:84:66:8f:ae:90	Byod	5180	-48
1624218701839	RSSWIFI	d8:84:66:8f:ae:91	eduroam	5180	-51
1624218701839	RSSWIFI	d8:84:66:be:3f:e8	Byod	2432	-54
1624218701839	RSSWIFI	d8:84:66:be:3f:ea	Guest	2432	-54
1624218701839	RSSWIFI	d8:84:66:be:3f:e9	eduroam	2432	-54
1624218701839	RSSWIFI	d8:84:66:be:3f:e0	Byod	5240	-55
1624218701839	RSSWIFI	d8:84:66:be:3f:e2	Guest	5240	-55
1624218701839	RSSWIFI	d8:84:66:8f:ae:92	Guest	5180	-56
1624218701839	RSSWIFI	d8:84:66:be:3f:e1	eduroam	5240	-56
1624218701839	RSSWIFI	6a:94:23:11:24:44	YME	2432	-69
1624218701839	RSSWIFI	d8:84:66:be:3f:d0	Byod	5220	-70
1624218701839	RSSWIFI	d8:84:66:be:3f:d1	eduroam	5220	-74
1624218701839	RSSWIFI	d8:84:66:be:3f:d2	Guest	5220	-74
1624218701839	RSSWIFI	d8:84:66:8f:90:38	Byod	2462	-80
1624218701839	RSSWIFI	d8:84:66:be:3f:92	Guest	5200	-80
1624218701839	RSSWIFI	d8:84:66:8f:90:3a	Guest	2462	-80
1624218701839	RSSWIFI	d8:84:66:be:3f:90	Byod	5200	-81
1624218701839	RSSWIFI	d8:84:66:be:3f:91	eduroam	5200	-82
1624218701839	RSSWIFI	d8:84:66:be:3f:c1	Byod	5220	-86
1624218701839	RSSWIFI	2a:c2:dd:1d:54:bf	DIRECT-TODESKTOP-A52T8GLmsLU	2462	-86
1624218701839	RSSWIFI	d8:84:66:be:3f:c0	eduroam	5220	-87
1624218701839	RSSWIFI	d8:84:66:be:3f:c2	Guest	5220	-88
1624218701839	RSSWIFI	d8:84:66:be:3f:b8	Byod	2432	-88
1624218701839	RSSWIFI	d8:84:66:be:40:39	eduroam	2432	-89
1624218701839	RSSWIFI	d8:84:66:be:3f:b9	eduroam	2432	-90
1624218701839	RSSWIFI	d8:84:66:be:3f:ba	Guest	2432	-91
1624218701839	RSSWIFI	d8:84:66:8f:8a:c8	Byod	2462	-91
1624218701839	RSSWIFI	d8:84:66:8f:8a:c1	eduroam	5180	-91
1624218701839	RSSWIFI	d8:84:66:8f:8a:c2	Guest	5180	-92
1624218701839	RSSWIFI	d8:84:66:8f:90:32	Guest	5180	-92
1624218701839	RSSWIFI	d8:84:66:8f:8a:c0	Byod	5180	-93
96222177	GYR	0.29486084	0.07475281	1.9290619
96222172	ACC	-1.0057983	0.5015869	10.3038025
96222192	ACC	-1.5492859	0.0011901855	9.884811
96222212	ACC	-1.5804138	0.046676636	10.634201
96222232	ACC	-1.5085907	0.24780273	10.785034
96222253	ACC	-1.5061951	0.25257874	10.519287
96222273	ACC	-1.4199982	0.47525024	10.11705
96222315	MAG	-15.281677	-14.225769	-39.152527
96222258	GYR	-0.10675049	0.32295227	1.9881897
96222339	GYR	-0.0066223145	-0.13032532	1.5194702
96222293	ACC	-1.3266296	0.7697296	9.851303
96222313	ACC	-0.8453827	0.8631134	9.915939
96222334	ACC	-0.22050476	0.9636688	9.959045
96222354	ACC	0.08834839	1.1049194	9.370071
96222374	ACC	0.021316528	1.217453	8.840942
96222394	ACC	0.05482483	1.2629395	8.884048
96222415	MAG	-16.369629	-11.042786	-40.293884
96222419	GYR	-0.15815735	0.5506592	0.9655304
96222515	MAG	-14.285278	-9.527588	-42.103577
96222414	ACC	-0.016998291	1.411377	9.101913
96222435	ACC	-0.37373352	1.5789795	8.860107
96222455	ACC	-0.5580902	1.7537537	8.309433
96222475	ACC	-0.70173645	1.8878174	8.503357
96222495	ACC	-0.83821106	2.0051422	9.037277
96222500	GYR	-0.102493286	0.35757446	0.88642883
96222616	MAG	-14.144897	-7.850647	-42.303467
96222515	ACC	-0.70892334	2.13443	9.121063
96222536	ACC	-0.44555664	2.29245	9.099518
96222556	ACC	-0.14389038	2.3139954	9.451462
96222576	ACC	-0.14628601	2.189499	9.999741
96222596	ACC	0.030883789	2.0697784	10.799408
96222581	GYR	0.04371643	-0.010757446	0.5045471
96222715	MAG	-13.853455	-6.9381714	-42.774963
96222662	GYR	0.13639832	0.042251587	0.017440796
96222616	ACC	0.3229828	1.8519135	11.42189
96222637	ACC	0.08834839	1.6388245	11.493729
96222657	ACC	0.05482483	1.9548645	11.362045
96222677	ACC	0.5528259	2.1727295	10.88559
96222697	ACC	0.8640747	1.2581482	10.301407
96222717	ACC	-0.13430786	-0.25019836	10.533646
96222743	GYR	-0.5933075	0.6060486	-0.111465454
96222816	MAG	-11.608887	-6.793213	-44.39087
96222737	ACC	-0.88848877	-1.3251953	13.172058
96222758	ACC	0.0811615	-0.80085754	15.566254
96222778	ACC	0.16975403	-0.051483154	14.330856
96222798	ACC	-0.27078247	0.118515015	11.026855
96222818	ACC	-0.1247406	0.3866577	9.216843
96222839	ACC	0.30622864	0.5207367	8.682922
96222915	MAG	-10.667419	-9.815979	-42.663574
96222823	GYR	0.5699768	-0.22966003	-0.17030334
96222904	GYR	0.09458923	-0.16069031	-0.3186493
96222859	ACC	0.46662903	0.39624023	8.271133
96222879	ACC	0.52648926	0.5566559	8.309433
96222899	ACC	0.44987488	0.6404419	8.529694
96222919	ACC	0.2942505	0.8343811	8.3980255
96222940	ACC	0.12666321	1.0570374	7.629486
96222960	ACC	-0.13191223	1.2557526	7.095581
96223015	MAG	-11.114502	-11.9644165	-43.188477
96222985	GYR	-0.017532349	0.23187256	-0.12104797
96222980	ACC	-0.17022705	1.2820892	7.5337067
96223000	ACC	-0.21092224	1.3227997	7.9479065
96223020	ACC	-0.22529602	1.4832001	7.866501
96223041	ACC	-0.22050476	1.5574188	7.9000244
96223061	ACC	-0.44555664	1.5622101	8.144241
96223081	ACC	-0.62991333	1.4017944	8.5368805
96223115	MAG	-10.650635	-10.56366	-41.60614
96223066	GYR	-0.004486084	-0.11727905	-0.034484863
96223215	MAG	-10.072327	-11.514282	-44.23065
96223101	ACC	-0.49343872	1.3491364	9.370071
96223121	ACC	-0.22529602	1.4329224	10.641388
96223142	ACC	-0.27078247	1.4425049	11.663712
96223162	ACC	-0.40246582	1.4688416	11.630188
96223182	ACC	-0.42640686	1.0426788	11.299789
96223147	GYR	-0.030853271	0.06994629	-0.0022583008
96223315	MAG	-10.679626	-12.753296	-45.07904
96223227	GYR	0.038131714	-0.13192749	0.046203613
96223202	ACC	-0.3521881	1.2389984	11.797791
96223222	ACC	-0.97946167	1.569397	11.225571
96223243	ACC	-1.5133667	1.3036346	9.78186
96223263	ACC	-1.4726715	0.17596436	10.143387
96223283	ACC	-1.4104156	-1.3180084	12.937424
96223303	ACC	-0.8406067	-0.9469147	14.893494
96223308	GYR	-0.43325806	0.1485138	0.1857605
96223415	MAG	-9.173584	-10.594177	-44.40155
96223323	ACC	-1.1925507	-0.59017944	13.282196
96223344	ACC	-1.5133667	-0.24780273	10.627014
96223364	ACC	-1.5301361	0.5207367	9.303024
96223384	ACC	-1.4319763	0.68592834	8.687714
96223404	ACC	-1.0704498	0.64523315	7.957489
96223424	ACC	-0.74005127	0.7170563	7.495407
96223389	GYR	0.0881958	-0.33299255	0.25553894
96223515	MAG	-10.539246	-8.613586	-44.03076
96223470	GYR	-0.09637451	-0.47013855	0.24887085
96223445	ACC	-0.20852661	0.72424316	7.751587
96223465	ACC	0.11708069	0.7769165	8.184937
96223485	ACC	0.24876404	0.8176117	7.933548
96223505	ACC	0.3373413	0.7409973	7.308655
96223525	ACC	0.4594574	0.7050934	7.4259796
96223546	ACC	0.5863495	0.75297546	8.235214
96223615	MAG	-12.782288	-9.526062	-42.684937
96223551	GYR	-0.1232605	-0.100494385	0.18736267
96223566	ACC	0.59591675	0.9516907	8.807434
96223586	ACC	0.4139557	1.1719513	8.833771
96223606	ACC	0.19129944	1.3275757	8.469849
96223626	ACC	0.15299988	1.4975739	8.946289
96223647	ACC	0.29185486	1.459259	10.095505
96223667	ACC	0.33973694	1.1073151	11.6397705
96223715	MAG	-12.620544	-9.663391	-41.793823
96223631	GYR	0.02748108	0.09765625	0.0012054443
96223815	MAG	-11.860657	-8.268738	-40.800476
96223712	GYR	0.27674866	0.21110535	-0.043807983
96223687	ACC	0.14581299	0.8128357	12.777008
96223707	ACC	0.05722046	0.6069336	12.932632
96223727	ACC	0.28466797	1.3970184	12.496887
96223748	ACC	0.4929657	0.9924011	11.036423
96223768	ACC	0.308609	-0.32920837	10.191269
96223788	ACC	-0.14149475	-1.3251953	12.341263
96223793	GYR	-0.31420898	0.18313599	-0.27416992
96223915	MAG	-10.679626	-8.4487915	-43.15033
96223808	ACC	0.44747925	-1.0714111	15.82962
96223828	ACC	0.66296387	-0.19992065	14.819275
96223849	ACC	0.18411255	0.1592102	10.6749115
96223869	ACC	0.23918152	0.3244171	7.945511
96223889	ACC	0.09793091	0.41299438	7.610321
96223909	ACC	0.14581299	0.2669525	8.994171
96223874	GYR	0.28979492	-0.015274048	-0.33676147
96224015	MAG	-10.952759	-7.6446533	-40.37323
96223955	GYR	-0.008743286	0.06303406	-0.209198
96223929	ACC	0.04286194	0.42736816	9.587936
96223950	ACC	-0.13430786	0.51594543	9.173737
96223970	ACC	-0.24205017	0.60214233	8.500977
96223990	ACC	-0.280365	0.8942261	7.708496
96224010	ACC	-0.27557373	1.138443	7.0620575
96224030	ACC	-0.24923706	1.1504059	7.095581
96224036	GYR	0.16011047	0.060897827	-0.10028076
96224115	MAG	-10.813904	-7.5042725	-41.262817
96224051	ACC	-0.11276245	1.0905609	7.7300415
96224071	ACC	-0.009811401	1.1073151	8.242401
96224091	ACC	0.05722046	1.0307007	8.479416
96224111	ACC	0.10510254	1.0474548	8.843338
96224131	ACC	0.09793091	1.0905609	9.319794
96224152	ACC	-0.014602661	0.94210815	10.0859375
96224215	MAG	-11.5448	-7.019043	-39.068604
96224116	GYR	0.22375488	0.013504028	0.05366516
96224197	GYR	0.26316833	0.12454224	0.23023987
96224172	ACC	-0.05529785	0.925354	11.429077
96224192	ACC	-0.2731781	0.7457886	12.499283
96224212	ACC	-0.067276	1.0115509	12.415497
96224232	ACC	-0.29711914	1.3539124	10.943054
96224253	ACC	-1.2931061	0.8343811	9.815384
96224273	ACC	-1.48703	-0.1328888	11.158539
96224315	MAG	-8.988953	-8.242798	-40.490723
96224278	GYR	-0.21566772	-0.54045105	0.28723145
96224415	MAG	-12.306213	-5.9555054	-39.10675
96224293	ACC	-0.57484436	-0.78170776	14.457748
96224313	ACC	0.04525757	-0.17597961	14.950943
96224333	ACC	-0.6993408	0.17835999	11.67807
96224354	ACC	-1.190155	0.4225769	9.360489
96224374	ACC	-1.0967865	0.7841034	9.276688
96224394	ACC	-0.79989624	0.60931396	9.858475
96224359	GYR	0.0605011	0.04598999	0.3002777
96224515	MAG	-11.708069	-6.112671	-39.68811
96224440	GYR	-0.17971802	0.27449036	0.05659485
96224414	ACC	-0.5915985	0.7266388	9.688492
96224434	ACC	-0.43836975	1.0019684	8.855316
96224455	ACC	-0.23965454	0.98760986	7.9718475
96224475	ACC	0.03567505	1.0929565	7.416397
96224495	ACC	0.04046631	1.2940674	7.162613
96224515	ACC	-0.09121704	1.5023651	7.24881
96224520	GYR	-0.07826233	0.113357544	-0.001449585
96224615	MAG	-11.889648	-2.0019531	-40.412903
96224535	ACC	-0.05529785	1.5119324	7.7252502
96224556	ACC	0.02609253	1.4951782	7.9479065
96224576	ACC	0.05961609	1.6076965	7.866501
96224596	ACC	0.0021514893	1.6555939	8.33577
96224616	ACC	-0.17741394	1.648407	9.20726
96224636	ACC	-0.32585144	1.3826447	9.686096
96224601	GYR	0.18034363	-0.15509033	-0.025970459
96224715	MAG	-12.04071	-3.6956787	-41.244507
96224682	GYR	0.131073	-0.06826782	-0.076309204
96224657	ACC	-0.37852478	1.0761871	10.3038025
96224677	ACC	-0.5413208	0.8678894	11.687653
96224697	ACC	-0.6466675	0.70988464	13.5455475
96224717	ACC	-0.34739685	0.63804626	13.962143
96224738	ACC	0.016525269	1.5765839	11.833694
96224758	ACC	0.31100464	1.1887207	9.015717
96224816	MAG	-12.788391	-2.6138306	-40.10315
96224763	GYR	0.2293396	-0.4861145	-0.26644897
96224778	ACC	0.11228943	0.7769165	8.486603
96224798	ACC	0.26312256	-0.25498962	10.653351
96224818	ACC	1.2423553	-0.2741394	13.684418
96224839	ACC	1.165741	0.29328918	13.576675
96224859	ACC	0.6102905	0.39863586	10.928696
96224879	ACC	0.2870636	0.60453796	9.499359
96224915	MAG	-14.291382	-3.2318115	-39.796448
96224844	GYR	-0.4026184	0.28567505	-0.40200806
96225015	MAG	-14.28833	-5.8425903	-40.745544
96224899	ACC	-0.06967163	0.65960693	9.334152
96224919	ACC	-0.25402832	0.5782013	8.867279
96224940	ACC	-0.3809204	0.6404419	8.407593
96224960	ACC	-0.4575348	0.63804626	8.242401
96224980	ACC	-0.53414917	0.77931213	8.328583
96224924	GYR	-0.18638611	0.44172668	-0.22436523
96225115	MAG	-12.634277	-4.916382	-40.91339
96225005	GYR	-0.016738892	0.23880005	-0.12184143
96225000	ACC	-0.6083679	1.004364	7.727646
96225020	ACC	-0.61553955	1.1528015	6.8010864
96225041	ACC	-0.44076538	1.3491364	6.712494
96225061	ACC	-0.05290222	1.356308	7.861725
96225081	ACC	0.15538025	1.2892761	9.192902
96225101	ACC	0.02609253	1.2270203	9.899185
96225086	GYR	-0.012481689	-0.10102844	0.011062622
96225215	MAG	-14.424133	-5.2078247	-39.141846
96225121	ACC	0.14581299	1.3587036	9.631027
96225142	ACC	0.12904358	1.538269	9.133041
96225162	ACC	-0.10797119	1.2868805	9.6358185
96225182	ACC	-0.17262268	0.6619873	10.950241
96225202	ACC	-0.20852661	0.4058075	11.89595
96225167	GYR	0.16783142	-0.02645874	0.08935547
96225315	MAG	-14.430237	-4.1397095	-39.17694
96225248	GYR	-0.11341858	-0.34017944	0.24061584
96225222	ACC	-0.30908203	1.2988586	11.496109
96225243	ACC	-0.94355774	1.2844849	10.638992
96225263	ACC	-1.2835236	0.1376648	10.677292
96225283	ACC	-0.8813019	-1.114502	13.164871
96225303	ACC	0.2942505	-1.4209595	16.595764
96225323	ACC	0.7084503	-0.42497253	15.817657
96225328	GYR	-0.029251099	0.08114624	-0.03529358
96225415	MAG	-17.01355	-3.565979	-40.39154
96225344	ACC	-0.08403015	0.43693542	11.057983
96225364	ACC	-0.75201416	1.0905609	8.4028015
96225384	ACC	-1.2021332	1.2988586	8.582367
96225404	ACC	-1.1255035	0.90141296	9.6597595
96225424	ACC	-0.92918396	0.77931213	9.643005
96225445	ACC	-0.80708313	0.7769165	8.515335
96225515	MAG	-15.943909	-6.0012817	-40.30609
96225409	GYR	-0.12672424	-0.045639038	0.06085205
96225490	GYR	-0.20555115	0.022277832	0.11491394
96225465	ACC	-0.76638794	0.66438293	7.8760834
96225485	ACC	-0.5700531	0.67396545	7.622299
96225505	ACC	-0.32824707	0.7577667	7.313446
96225525	ACC	-0.23008728	0.767334	7.385269
96225546	ACC	-0.21810913	0.81521606	8.0269165
96225566	ACC	-0.20852661	0.97084045	8.491394
96225615	MAG	-17.144775	-5.847168	-39.727783
96225571	GYR	0.029067993	-0.1375122	0.09095764
96225715	MAG	-16.244507	-4.6173096	-39.61487
96225586	ACC	-0.2157135	1.3371582	8.046066
96225606	ACC	-0.09840393	1.5909424	7.6821594
96225626	ACC	-0.1295166	1.6843109	8.682922
96225647	ACC	-0.4288025	1.4377136	10.387604
96225667	ACC	-0.49822998	0.9325409	11.771454
96225687	ACC	-0.45513916	0.6476288	12.422668
96225652	GYR	0.10684204	0.11602783	0.033691406
96225815	MAG	-16.999817	-5.2383423	-39.894104
96225732	GYR	0.3385315	-0.009414673	0.0683136
96225707	ACC	-0.5269623	0.7960663	12.214371
96225727	ACC	-0.51498413	2.0362701	11.132202
96225748	ACC	-0.29951477	1.8734589	9.930313
96225768	ACC	-0.10557556	0.34835815	9.822571
96225788	ACC	-0.21331787	-1.2294312	13.090652
96225808	ACC	0.6078949	-1.7561493	17.014755
96225813	GYR	-0.30062866	0.29818726	-0.11437988
96225916	MAG	-13.839722	-5.0750732	-40.766907
96225828	ACC	1.0149078	-0.79608154	15.101791
96225849	ACC	0.56718445	-0.28849792	9.652588
96225869	ACC	0.16256714	0.22624207	7.0740204
96225889	ACC	0.12904358	0.14485168	7.411606
96225909	ACC	0.3445282	-0.19033813	8.893616
96225929	ACC	0.4235382	0.101745605	9.64061
96225894	GYR	-0.1269989	-0.06161499	-0.16950989
96226016	MAG	-14.274597	-5.517578	-39.427185
96225975	GYR	0.10177612	-0.065078735	-0.12983704
96225950	ACC	0.41874695	0.41299438	8.855316
96225970	ACC	0.03567505	0.7170563	7.4690704
96225990	ACC	-0.27078247	1.0546417	6.3390045
96226010	ACC	-0.14628601	1.3132172	5.9319916
96226030	ACC	0.0476532	1.5023651	6.743622
96226051	ACC	0.15777588	1.4927826	8.005371
96226115	MAG	-13.668823	-3.050232	-38.17444
96226056	GYR	-0.06813049	-0.1055603	-0.092544556
96226071	ACC	0.09553528	1.2677307	8.975021
96226091	ACC	0.1673584	1.0809784	9.532867
96226111	ACC	0.44508362	1.1192932	9.604691
96226131	ACC	0.44029236	1.2509613	10.236771
96226152	ACC	0.33973694	0.8750763	11.551178
96226172	ACC	0.21284485	0.50398254	12.516052
96226216	MAG	-13.362122	-5.963135	-39.112854
96226136	GYR	0.13214111	0.10244751	-0.078704834
96226316	MAG	-13.673401	-3.8238525	-38.887024
96226217	GYR	0.21177673	0.020950317	0.09840393
96226192	ACC	-0.1582489	0.34596252	12.516052
96226212	ACC	-0.22050476	0.767334	11.883972
96226232	ACC	-0.8525696	0.54707336	10.897568
96226253	ACC	-1.4750671	-0.1951294	11.512878
96226273	ACC	-1.2715607	-1.2270355	14.244659
96226293	ACC	-0.819046	-0.88705444	15.630905
96226298	GYR	-0.041763306	0.08354187	0.20173645
96226416	MAG	-13.339233	-5.6274414	-37.05597
96226313	ACC	-0.8836975	0.044296265	12.638153
96226333	ACC	-1.2595825	0.32202148	9.190506
96226354	ACC	-1.4152069	0.628479	8.517731
96226374	ACC	-1.3026886	0.60214233	9.212051
96226394	ACC	-1.1949463	0.46087646	9.717224
96226414	ACC	-1.0776215	0.5063782	9.26712
96226379	GYR	-0.10168457	-0.18225098	0.11225891
96226516	MAG	-13.487244	-3.930664	-35.92987
96226460	GYR	-0.0066223145	-0.06161499	0.19189453
96226434	ACC	-0.8765106	0.53749084	8.330978
96226455	ACC	-0.51498413	0.61650085	7.5768127
96226475	ACC	-0.34020996	0.8559265	7.0548706
96226495	ACC	-0.2157135	1.1432343	6.6311035
96226515	ACC	-0.15585327	1.3108215	6.5760345
96226535	ACC	-0.05529785	1.3587036	7.275131
96226541	GYR	0.040267944	-0.12260437	0.06538391
96226616	MAG	-14.216614	-4.673767	-34.13849
96226556	ACC	0.1098938	1.4233551	8.199295
96226576	ACC	0.04046631	1.6076965	8.541672
96226596	ACC	-0.11994934	1.672348	8.955872
96226616	ACC	-0.13909912	1.6579742	9.549637
96226636	ACC	-0.37612915	1.2629395	10.744339
96226657	ACC	-0.65145874	0.9540863	12.477737
96226716	MAG	-14.671326	-6.678772	-35.258484
96226621	GYR	0.119888306	0.14053345	-0.08828735
96226702	GYR	0.1585083	0.06755066	-0.0765686
96226677	ACC	-0.7568054	0.8966217	12.630966
96226697	ACC	-0.49822998	1.0307007	11.431473
96226717	ACC	0.0476532	1.5646057	10.351685
96226737	ACC	0.38284302	0.4800415	9.841721
96226758	ACC	0.14581299	-0.68833923	10.923904
96226778	ACC	0.41635132	-1.6053162	13.902283
96226816	MAG	-13.601685	-7.7301025	-34.628296
96226783	GYR	-0.52752686	-0.0059509277	-0.30667114
96226916	MAG	-14.620972	-7.383728	-31.396484
96226798	ACC	1.0149078	-1.0115509	15.9014435
96226818	ACC	0.8209686	0.077804565	13.727509
96226838	ACC	0.44987488	0.31723022	10.0979
96226859	ACC	0.26312256	0.6428375	8.168182
96226879	ACC	-0.02418518	0.5326996	7.9072113
96226899	ACC	-0.07684326	0.34596252	8.845734
96226864	GYR	0.20617676	-0.13005066	-0.37564087
96227016	MAG	-14.053345	-6.9641113	-34.21173
96226945	GYR	-0.048431396	0.2936554	-0.2025299
96226919	ACC	-0.17262268	0.48242188	9.449066
96226939	ACC	-0.26838684	0.6117096	9.161774
96226960	ACC	-0.5197754	0.76493835	8.244797
96226980	ACC	-0.61076355	1.0211182	7.222473
96227000	ACC	-0.6275177	1.1695709	6.7508087
96227020	ACC	-0.59399414	1.2054749	7.052475
96227025	GYR	0.07221985	0.085128784	-0.023849487
96227116	MAG	-13.2751465	-7.3898315	-32.421875
96227040	ACC	-0.364151	1.138443	7.7420044
96227061	ACC	-0.06008911	1.0642242	8.589554
96227081	ACC	0.03807068	1.1312561	9.022903
96227101	ACC	0.22003174	1.380249	8.963043
96227121	ACC	0.224823	1.490387	8.896011
96227141	ACC	-0.028961182	1.0498505	9.81778
96227216	MAG	-13.571167	-7.6919556	-32.118225
96227106	GYR	0.14653015	-0.022735596	0.06538391
96227187	GYR	0.117767334	-0.15881348	0.09440613
96227162	ACC	-0.0960083	0.6787567	11.424286
96227182	ACC	-0.13191223	0.5805969	12.2287445
96227202	ACC	-0.06248474	0.9349365	11.51767
96227222	ACC	-0.45513916	1.028305	10.181702
96227243	ACC	-1.3960571	0.1999054	10.416336
96227263	ACC	-1.1877594	-0.89424133	12.944611
96227316	MAG	-14.929199	-7.548523	-31.983948
96227268	GYR	-0.5086212	-0.41767883	0.36817932
96227283	ACC	-0.5006256	-1.8423462	16.100159
96227303	ACC	0.12904358	-1.1552124	16.253387
96227323	ACC	-0.47668457	-0.54229736	12.597443
96227344	ACC	-0.74243164	-0.13049316	9.5616
96227364	ACC	-0.49822998	0.14485168	9.145004
96227384	ACC	-0.08882141	0.1592102	9.686096
96227416	MAG	-15.994263	-7.8720093	-32.717896
96227349	GYR	0.27142334	-0.13832092	0.13435364
96227516	MAG	-18.099976	-6.8008423	-31.582642
96227404	ACC	0.12187195	0.15441895	9.805817
96227424	ACC	0.2535553	0.45848083	8.994171
96227445	ACC	0.33973694	0.6715698	8.115509
96227465	ACC	0.4307251	0.76493835	7.4546967
96227485	ACC	0.3732605	0.9109955	7.0141754
96227429	GYR	0.0796814	-0.09889221	-0.090148926
96227616	MAG	-19.322205	-6.982422	-32.911682
96227510	GYR	0.06263733	0.09365845	-0.015319824
96227505	ACC	0.16496277	1.1480103	6.870514
96227525	ACC	-0.02418518	1.1743469	7.021347
96227546	ACC	-0.04093933	1.2389984	7.2631683
96227566	ACC	-0.1247406	1.3874359	7.466675
96227586	ACC	-0.3856964	1.5717926	7.3733063
96227606	ACC	-0.7472229	1.6699524	7.581604
96227591	GYR	0.11323547	-0.112213135	-0.076309204
96227716	MAG	-19.618225	-7.5942993	-32.746887
96227672	GYR	-0.11500549	0.32455444	0.06777954
96227626	ACC	-0.99383545	1.7585449	8.438721
96227647	ACC	-1.2093048	1.6220703	9.449066
96227667	ACC	-0.9674988	1.5765839	10.557587
96227687	ACC	-0.7448273	1.5574188	11.388382
96227707	ACC	-0.6275177	1.5167236	11.8528595
96227727	ACC	-0.96510315	1.0498505	11.613434
96227816	MAG	-17.814636	-6.8222046	-33.05664
96227753	GYR	0.1630249	0.27262878	-0.040618896
96227748	ACC	-0.91722107	0.9229584	11.522446
96227768	ACC	-0.13430786	1.514328	10.938263
96227788	ACC	0.19129944	0.5422821	9.846512
96227808	ACC	-0.067276	-0.7553711	10.765884
96227828	ACC	-0.15345764	-1.8375549	13.643723
96227849	ACC	0.5408478	-1.5358887	16.064255
96227916	MAG	-18.130493	-6.5338135	-34.10034
96227833	GYR	-0.5767975	0.04864502	-0.045410156
96227914	GYR	0.36917114	0.028137207	-0.04168701
96227869	ACC	0.7970276	-0.89424133	15.480072
96227889	ACC	0.38761902	-0.9325409	12.173676
96227909	ACC	0.0476532	-0.6859436	10.11705
96227929	ACC	-0.17262268	-0.60214233	9.429916
96227950	ACC	-0.5078125	-0.41778564	9.197678
96227970	ACC	-1.0584717	0.068237305	8.776306
96228016	MAG	-18.893433	-6.855774	-34.832764
96227995	GYR	0.07914734	0.4233551	0.1703186
96227990	ACC	-1.4104156	0.34596252	8.623077
96228010	ACC	-1.5085907	0.49679565	8.771515
96228030	ACC	-1.6665955	0.47525024	8.656586
96228051	ACC	-1.8437653	0.55426025	8.13945
96228071	ACC	-1.9658813	0.6476288	7.672577
96228091	ACC	-1.8078613	0.5925598	7.840164
96228116	MAG	-15.596008	-8.399963	-37.57019
96228076	GYR	0.16569519	0.17541504	0.65234375
96228216	MAG	-16.352844	-5.795288	-36.624146
96228111	ACC	-1.597168	0.54467773	8.465057
96228131	ACC	-1.4176025	0.6188965	8.65181
96228152	ACC	-1.3673248	0.688324	8.168182
96228172	ACC	-1.2787476	0.707489	8.309433
96228192	ACC	-1.0656586	0.9038086	9.118668
96228157	GYR	0.12149048	0.021484375	1.0206604
96228316	MAG	-16.218567	-3.8162231	-37.130737
96228237	GYR	-0.0761261	0.13919067	1.2654114
96228212	ACC	-0.90763855	1.0259094	9.578354
96228232	ACC	-0.9698944	1.2198486	9.671738
96228253	ACC	-1.056076	1.2820892	9.930313
96228273	ACC	-0.97706604	1.2078705	10.521683
96228293	ACC	-0.8430023	0.9732361	11.125015
96228313	ACC	-0.8046875	0.8559265	11.453018
96228318	GYR	-0.06201172	-0.1638794	1.5695343
96228416	MAG	-15.939331	-0.920105	-37.664795
96228333	ACC	-1.0895996	1.0881653	10.871231
96228354	ACC	-1.4798584	0.2238617	10.612656
96228374	ACC	-1.1278992	-0.54707336	11.941437
96228394	ACC	-0.81666565	-0.8726959	13.100235
96228414	ACC	-1.0512848	-1.0426788	12.276627
96228399	GYR	0.020828247	-0.29730225	1.7205353
96228516	MAG	-16.860962	2.5878906	-37.487793
96228480	GYR	-0.26760864	0.6111145	1.9895172
96228434	ACC	-2.0113678	-0.95887756	9.508926
96228455	ACC	-3.0504456	-0.9612732	7.490616
96228475	ACC	-3.850113	-1.0115509	7.933548
96228495	ACC	-3.862091	-1.4520874	9.93988
96228515	ACC	-3.4837952	-1.8208008	11.424286
96228535	ACC	-3.356903	-1.8638916	11.606247
96228616	MAG	-12.968445	7.496643	-37.919617
96228561	GYR	-0.27612305	0.48860168	1.7690125
96228556	ACC	-3.060028	-1.6819305	10.914322
96228576	ACC	-2.8397522	-1.612503	10.0069275
96228596	ACC	-2.696106	-1.4664459	9.923126
96228616	ACC	-2.423172	-1.3419495	10.59111
96228636	ACC	-2.1454468	-1.217453	10.43309
96228657	ACC	-1.9754486	-1.0738068	9.298233
96228716	MAG	-7.2509766	9.820557	-38.552856
96228641	GYR	-0.22766113	0.41163635	1.833725
96228722	GYR	0.007232666	0.11416626	1.8211975
96228677	ACC	-1.8389893	-0.88705444	8.658981
96228697	ACC	-1.6665955	-0.8487549	9.022903
96228717	ACC	-1.5923767	-0.6643982	9.647797
96228737	ACC	-1.5828094	-0.4297638	9.535263
96228758	ACC	-1.4750671	-0.027542114	9.034882
96228778	ACC	-1.324234	0.58299255	8.390839
96228816	MAG	-3.3493042	14.123535	-38.668823
96228803	GYR	-0.0846405	0.10510254	1.8569031
96228916	MAG	-2.4032593	12.184143	-36.091614
96228798	ACC	-1.3745117	0.66677856	8.053253
96228818	ACC	-1.3218384	0.21188354	8.785873
96228838	ACC	-0.8046875	-0.21427917	10.193665
96228859	ACC	-0.53175354	-0.47525024	11.711594
96228879	ACC	-0.30670166	-0.31723022	12.82251
96228899	ACC	0.06919861	-0.041900635	12.202408
96228884	GYR	-0.35601807	0.3130951	1.5042877
96229016	MAG	0.881958	13.699341	-38.48419
96228965	GYR	0.14253235	-0.015548706	0.8464966
96228919	ACC	0.30622864	0.4560852	10.756302
96228939	ACC	0.7204132	0.9612732	9.626251
96228960	ACC	0.9143524	1.3132172	8.943893
96228980	ACC	0.87364197	1.4185638	8.649414
96229000	ACC	1.0436401	1.5167236	8.606308
96229020	ACC	0.976593	1.4449005	9.116287
96229116	MAG	3.0181885	14.819336	-36.14502
96229046	GYR	0.05996704	0.07447815	0.43104553
96229041	ACC	0.9263153	1.3036346	9.760315
96229061	ACC	0.8281555	1.0666199	9.971008
96229081	ACC	0.34931946	0.84155273	9.803421
96229101	ACC	-0.06248474	0.7769165	9.434708
96229121	ACC	-0.23965454	0.9828186	9.437103
96229141	ACC	-0.40725708	1.2030792	9.666946
96229216	MAG	4.8309326	12.527466	-37.094116
96229126	GYR	0.020812988	0.2973938	0.0957489
96229207	GYR	0.122558594	0.0670166	-0.02809143
96229162	ACC	-0.66581726	1.435318	10.026077
96229182	ACC	-0.6059723	1.8159943	10.009323
96229202	ACC	-0.37612915	2.2756805	9.425125
96229222	ACC	-0.4623108	2.6084747	8.802643
96229243	ACC	-0.42401123	2.5917206	8.874466
96229263	ACC	-0.4790802	2.3259583	8.905594
96229316	MAG	4.9942017	12.083435	-36.193848
96229288	GYR	-0.48171997	0.104034424	-0.03741455
96229283	ACC	-0.4575348	2.0506287	8.881653
96229303	ACC	-0.45993042	1.8327637	9.587936
96229323	ACC	-0.38809204	1.7226257	10.756302
96229344	ACC	-0.45274353	1.5622101	10.899963
96229364	ACC	-0.4144287	1.6292572	10.174515
96229384	ACC	-0.53414917	1.830368	9.532867
96229416	MAG	6.196594	14.390564	-35.67047
96229369	GYR	-0.3898468	-0.08026123	0.029968262
96229516	MAG	4.676819	14.675903	-36.279297
96229404	ACC	-0.65625	2.0697784	9.123459
96229424	ACC	-0.59399414	2.158371	9.310211
96229445	ACC	-0.45993042	2.1176758	9.757919
96229465	ACC	-0.17741394	2.0985107	9.9518585
96229485	ACC	-0.16064453	1.866272	10.421112
96229450	GYR	0.032806396	-0.5700073	0.18362427
96229616	MAG	2.8701782	14.6698	-35.845947
96229530	GYR	-0.004486084	0.042526245	0.24461365
96229505	ACC	-0.10317993	1.3610992	11.393158
96229525	ACC	0.06680298	0.70988464	12.369995
96229546	ACC	-0.04573059	0.58776855	12.750671
96229566	ACC	-0.73526	1.0666199	12.082703
96229586	ACC	-1.5492859	0.94210815	11.125015
96229606	ACC	-1.0536804	-0.19033813	12.051575
96229611	GYR	-0.11341858	-0.22087097	0.45446777
96229716	MAG	4.2282104	14.985657	-35.849
96229626	ACC	-0.64427185	-1.3874359	14.012421
96229647	ACC	-0.7687683	-1.3180084	14.182404
96229667	ACC	-0.7328644	-0.42018127	11.35965
96229687	ACC	-0.92678833	0.40820312	8.086777
96229707	ACC	-1.0465088	0.44891357	7.4379425
96229727	ACC	-0.92678833	0.21427917	8.797852
96229692	GYR	0.2924652	-0.07626343	0.36817932
96229816	MAG	5.9188843	12.268066	-34.570312
96229773	GYR	-0.04710388	-0.050689697	0.3420868
96229748	ACC	-0.81427	0.056259155	9.5233
96229768	ACC	-0.80947876	0.14962769	8.9869995
96229788	ACC	-0.82862854	0.32919312	8.436325
96229808	ACC	-0.68258667	0.40342712	8.228027
96229828	ACC	-0.55329895	0.58299255	7.861725
96229849	ACC	-0.34979248	0.7457886	7.4762573
96229916	MAG	4.8812866	12.591553	-32.81555
96229854	GYR	-0.016998291	0.10244751	0.28295898
96229869	ACC	-0.31626892	0.85832214	7.138672
96229889	ACC	-0.45513916	1.0474548	7.275131
96229909	ACC	-0.19177246	1.1911163	7.7659454
96229929	ACC	-0.02418518	1.3730774	7.9048157
96229950	ACC	-0.014602661	1.4760284	8.3237915
96229970	ACC	-2.2888184E-4	1.5981293	9.389221
96230016	MAG	8.021545	14.881897	-34.347534
96229934	GYR	0.033065796	0.08805847	0.106933594
96230015	GYR	0.042388916	0.07154846	-0.10133362
96229990	ACC	-0.08403015	1.6268616	9.688492
96230010	ACC	-0.10317993	1.5071411	9.568787
96230030	ACC	-0.36894226	1.0474548	10.65097
96230051	ACC	-0.4144287	0.6141052	12.298172
96230071	ACC	-0.26838684	0.4560852	12.846451
96230091	ACC	0.030883789	0.95887756	12.07312
96230116	MAG	8.045959	11.993408	-33.51593
96230096	GYR	-0.0010223389	-0.1803894	-0.22677612
96230216	MAG	7.574463	15.040588	-33.76465
96230111	ACC	0.14102173	0.41778564	10.751526
96230131	ACC	-0.02418518	-0.6428528	10.923904
96230152	ACC	-0.27557373	-1.7106628	12.987701
96230172	ACC	0.31340027	-1.7561493	15.506409
96230192	ACC	0.14820862	-0.53990173	14.541534
96230177	GYR	-0.2875824	0.21296692	-0.30506897
96230316	MAG	8.792114	13.063049	-33.84247
96230258	GYR	0.1585083	-0.114349365	-0.21903992
96230212	ACC	-0.3019104	0.16160583	10.49295
96230232	ACC	-0.26359558	0.3555298	7.926361
96230253	ACC	-0.14628601	0.63327026	7.392456
96230273	ACC	-0.06488037	0.4441223	7.7444
96230293	ACC	0.10510254	0.39863586	8.5728
96230313	ACC	0.05961609	0.4632721	8.721237
96230338	GYR	-0.13471985	0.19032288	-0.20413208
96230416	MAG	10.1623535	12.93335	-32.943726
96230333	ACC	-0.06488037	0.50875854	8.031708
96230354	ACC	-0.3019104	0.5686188	7.562439
96230374	ACC	-0.43836975	0.5997467	7.6318817
96230394	ACC	-0.4623108	0.683548	8.13945
96230414	ACC	-0.30670166	0.7625427	8.455475
96230434	ACC	0.004547119	0.87268066	8.330978
96230516	MAG	9.558105	13.084412	-32.80487
96230419	GYR	-0.060409546	0.101379395	0.008926392
96230455	ACC	-0.012207031	0.9229584	8.479416
96230475	ACC	0.06680298	0.9349365	9.599915
96230495	ACC	0.2942505	0.9109955	11.141769
96230515	ACC	0.24157715	0.74339294	10.907135
96230535	ACC	-0.17022705	0.4441223	10.35408
96230500	GYR	0.29032898	-0.14576721	-0.006790161
96230616	MAG	10.7421875	11.064148	-35.68573
96230581	GYR	0.21736145	-0.051223755	0.12690735
96230556	ACC	-0.36894226	0.22624207	11.306976
96230576	ACC	-0.17022705	0.37709045	12.3675995
96230596	ACC	-0.30670166	1.1264648	11.113037
96230616	ACC	-0.93637085	0.9062042	9.626251
96230636	ACC	-1.2547913	-0.084991455	10.947845
96230657	ACC	-1.0800171	-1.8495178	14.280579
96230716	MAG	9.844971	12.606812	-34.26361
96230662	GYR	-0.37226868	-0.2040863	0.39189148
96230677	ACC	-0.34739685	-1.9764099	16.286911
96230697	ACC	-0.57724	-1.0618286	13.820892
96230717	ACC	-1.1638184	-0.53990173	9.875244
96230737	ACC	-1.305069	-0.094573975	8.654205
96230758	ACC	-1.4008484	0.17358398	8.663773
96230778	ACC	-1.2715607	0.070632935	8.608704
96230816	MAG	10.606384	10.466003	-34.780884
96230742	GYR	0.26663208	-0.011276245	0.20759583
96230916	MAG	8.932495	11.360168	-35.409546
96230823	GYR	-0.07080078	0.022018433	0.1513977
96230798	ACC	-1.0608673	0.20948792	8.709259
96230818	ACC	-0.7639923	0.31004333	8.577591
96230838	ACC	-0.62991333	0.3244171	8.058044
96230859	ACC	-0.50541687	0.47525024	7.672577
96230879	ACC	-0.41203308	0.67396545	7.521744
96230899	ACC	-0.1869812	0.87268066	7.5001984
96230904	GYR	-0.01939392	-0.0030212402	0.15460205
96231016	MAG	9.692383	10.6033325	-35.38208
96230919	ACC	-0.12713623	1.0618286	7.4762573
96230939	ACC	-0.07923889	1.1336517	7.756378
96230960	ACC	-0.0385437	1.296463	7.9526978
96230980	ACC	-0.06008911	1.5095367	8.182541
96231000	ACC	-0.0960083	1.4784241	8.596741
96231020	ACC	-0.15345764	1.3371582	9.595123
96230985	GYR	0.021896362	-0.13591003	-0.17803955
96231116	MAG	9.533691	10.13031	-36.253357
96231040	ACC	-0.04093933	0.84155273	11.158539
96231061	ACC	0.05961609	0.33158875	12.302963
96231081	ACC	-0.07206726	0.16160583	12.472946
96231101	ACC	-0.07446289	0.51834106	11.546402
96231121	ACC	0.05722046	0.82240295	10.387604
96231066	GYR	0.09779358	0.15357971	-0.04220581
96231216	MAG	8.792114	11.524963	-34.53064
96231147	GYR	-0.27000427	-0.14257812	-0.23475647
96231141	ACC	0.30622864	-0.6667938	10.397171
96231162	ACC	0.31819153	-2.05542	12.583084
96231182	ACC	0.521698	-2.37146	15.324448
96231202	ACC	0.89520264	-1.3922272	15.271774
96231222	ACC	0.48579407	-0.017959595	11.484146
96231242	ACC	-0.1247406	0.24061584	8.599136
96231316	MAG	8.035278	10.134888	-35.227966
96231227	GYR	0.19526672	0.07447815	-0.30718994
96231308	GYR	-0.21380615	0.120025635	-0.2576599
96231263	ACC	0.011734009	0.20948792	7.909607
96231283	ACC	0.03327942	-0.025146484	8.280701
96231303	ACC	0.30622864	-0.35794067	9.410767
96231323	ACC	0.3445282	-0.2238617	10.507309
96231343	ACC	0.21524048	-0.058654785	10.0859375
96231364	ACC	-0.22529602	0.053863525	8.776306
96231416	MAG	6.828308	11.355591	-34.683228
96231389	GYR	0.09832764	0.09233093	-0.22010803
96231384	ACC	-0.48864746	0.35313416	7.737213
96231404	ACC	-0.4718933	0.5782013	7.3421783
96231424	ACC	-0.37852478	0.73143005	7.6749725
96231445	ACC	-0.2731781	0.72184753	8.383652
96231465	ACC	-0.11515808	0.7050934	8.6158905
96231485	ACC	-0.09361267	0.70988464	8.718842
96231516	MAG	7.1121216	11.335754	-36.157227
96231470	GYR	0.1116333	0.0023040771	0.0957489
96231616	MAG	7.873535	11.657715	-35.42633
96231505	ACC	0.07876587	0.76493835	8.994171
96231525	ACC	0.16017151	0.89901733	9.061218
96231546	ACC	-0.0026245117	0.9756317	9.520905
96231566	ACC	-0.20135498	0.7697296	10.76828
96231586	ACC	-0.19895935	0.5518646	11.608643
96231551	GYR	0.26609802	-0.09490967	0.19134521
96231716	MAG	6.500244	10.5529785	-37.168884
96231631	GYR	0.21949768	-0.32313538	0.22091675
96231606	ACC	-0.009811401	0.31004333	11.338104
96231626	ACC	0.44029236	0.6763611	10.943054
96231647	ACC	-0.2444458	0.51834106	10.267883
96231667	ACC	-0.87890625	-0.14964294	10.593506
96231687	ACC	-0.8956604	-1.0283203	13.303741
96231707	ACC	0.18890381	-1.1695709	15.343597
96231712	GYR	-0.026062012	-0.15908813	0.32743835
96231816	MAG	6.793213	13.156128	-36.808777
96231727	ACC	0.14581299	-0.6212921	13.260635
96231748	ACC	-0.6682129	-0.90141296	10.184097
96231768	ACC	-0.6777954	-0.7290344	9.348511
96231788	ACC	-0.5413208	-0.3818817	9.726807
96231808	ACC	-0.28993225	-0.5853882	10.57196
96231828	ACC	-0.12713623	-0.34117126	10.617447
96231793	GYR	0.11935425	-0.117004395	0.09333801
96231916	MAG	4.194641	10.482788	-40.724182
96231874	GYR	0.119888306	0.11123657	-0.008392334
96231849	ACC	-0.11755371	0.044296265	9.913544
96231869	ACC	0.06680298	0.1879425	8.967834
96231889	ACC	0.08595276	0.45848083	8.386047
96231909	ACC	0.04525757	0.7745209	8.278305
96231929	ACC	-0.05290222	0.88705444	8.484207
96231950	ACC	0.08355713	0.8846588	8.613495
96232016	MAG	4.0390015	12.936401	-39.916992
96231955	GYR	0.10870361	0.1181488	-0.062194824
96231970	ACC	0.16975403	0.8966217	8.661377
96231990	ACC	0.10510254	1.0259094	8.642227
96232010	ACC	-0.10317993	1.0091553	8.594345
96232030	ACC	-0.19656372	0.90141296	8.965439
96232051	ACC	-0.11036682	0.89183044	9.413162
96232071	ACC	-0.009811401	0.8631134	9.7938385
96232116	MAG	3.1295776	12.770081	-40.359497
96232035	GYR	0.20005798	-3.5095215E-4	-0.21664429
96232216	MAG	0.24261475	12.265015	-42.13257
96232116	GYR	0.30737305	1.6784668E-4	-0.29760742
96232091	ACC	0.12904358	0.7003021	10.277466
96232111	ACC	0.1673584	0.549469	10.729965
96232131	ACC	0.10032654	0.7553711	10.457031
96232152	ACC	-0.03135681	1.083374	9.405975
96232172	ACC	-0.24923706	0.027526855	9.377243
96232192	ACC	0.08355713	-0.3818817	11.019669
96232197	GYR	-0.2697296	-0.06428528	-0.464859
96232316	MAG	-0.9475708	12.432861	-40.519714
96232212	ACC	0.37805176	-0.67396545	12.384369
96232232	ACC	0.84013367	-0.71707153	12.707581
96232253	ACC	0.42593384	-0.25019836	11.232758
96232273	ACC	0.15538025	0.044296265	9.590332
96232293	ACC	0.34213257	-0.056274414	9.149796
96232313	ACC	0.10510254	-0.30526733	9.609482
96232278	GYR	-0.15309143	0.019348145	-0.57777405
96232416	MAG	-4.446411	13.757324	-42.20581
1624218712020	RSSWIFI	d8:84:66:be:3f:9a	Guest	2412	-53
1624218712020	RSSWIFI	d8:84:66:8f:90:32	Guest	5180	-53
1624218712020	RSSWIFI	d8:84:66:be:3f:98	Byod	2412	-53
1624218712020	RSSWIFI	d8:84:66:8f:90:30	Byod	5180	-53
1624218712020	RSSWIFI	d8:84:66:8f:90:31	eduroam	5180	-55
1624218712020	RSSWIFI	d8:84:66:8f:90:38	Byod	2462	-56
1624218712020	RSSWIFI	d8:84:66:8f:90:39	eduroam	2462	-56
1624218712020	RSSWIFI	d8:84:66:8f:90:3a	Guest	2462	-57
1624218712020	RSSWIFI	d8:84:66:be:40:aa	Guest	2412	-63
1624218712020	RSSWIFI	d8:84:66:be:3f:b2	Guest	5180	-64
1624218712020	RSSWIFI	d8:84:66:be:40:a8	eduroam	2412	-65
1624218712020	RSSWIFI	d8:84:66:be:3f:b1	eduroam	5180	-65
1624218712020	RSSWIFI	d8:84:66:be:3f:b0	Byod	5180	-66
1624218712020	RSSWIFI	d8:84:66:be:3f:90	Byod	5200	-67
1624218712020	RSSWIFI	d8:84:66:be:3f:91	eduroam	5200	-67
1624218712020	RSSWIFI	d8:84:66:be:40:b8	eduroam	2412	-68
1624218712020	RSSWIFI	d8:84:66:be:3f:92	Guest	5200	-68
1624218712020	RSSWIFI	d8:84:66:be:3f:79	eduroam	2412	-71
1624218712020	RSSWIFI	d8:84:66:be:40:ba	Guest	2412	-71
1624218712020	RSSWIFI	d8:84:66:be:3f:b9	eduroam	2432	-76
1624218712020	RSSWIFI	d8:84:66:be:3f:78	Byod	2412	-76
1624218712020	RSSWIFI	d8:84:66:be:3f:b8	Byod	2432	-76
1624218712020	RSSWIFI	d8:84:66:8f:8a:ca	Guest	2462	-76
1624218712020	RSSWIFI	d8:84:66:8f:8a:c8	Byod	2462	-77
1624218712020	RSSWIFI	d8:84:66:8f:8a:c9	eduroam	2462	-77
1624218712020	RSSWIFI	d8:84:66:be:3f:c0	eduroam	5220	-79
1624218712020	RSSWIFI	d8:84:66:be:3f:c1	Byod	5220	-79
1624218712020	RSSWIFI	d8:84:66:be:40:68	Byod	2432	-79
1624218712020	RSSWIFI	d8:84:66:be:3f:c2	Guest	5220	-80
1624218712020	RSSWIFI	d8:84:66:be:40:a1	Byod	5180	-81
1624218712020	RSSWIFI	52:02:6c:69:5d:67		2412	-81
1624218712020	RSSWIFI	d8:84:66:be:40:a2	Guest	5180	-82
1624218712020	RSSWIFI	d8:84:66:8f:ae:98	Byod	2462	-83
1624218712020	RSSWIFI	6a:94:23:11:24:44	YME	2432	-85
1624218712020	RSSWIFI	d8:84:66:8f:ae:92	Guest	5180	-85
1624218712020	RSSWIFI	d8:84:66:8f:ae:91	eduroam	5180	-86
1624218712020	RSSWIFI	d8:84:66:8f:9e:88	Byod	2412	-86
1624218712020	RSSWIFI	d8:84:66:8f:ae:9a	Guest	2462	-87
1624218712020	RSSWIFI	d8:84:66:8f:ae:90	Byod	5180	-87
1624218712020	RSSWIFI	d8:84:66:be:40:b0	eduroam	5180	-87
1624218712020	RSSWIFI	2a:c2:dd:1d:54:bf	DIRECT-TODESKTOP-A52T8GLmsLU	2462	-89
1624218712020	RSSWIFI	d8:84:66:8f:8a:c1	eduroam	5180	-90
1624218712020	RSSWIFI	d8:84:66:be:40:b2	Guest	5180	-90
1624218712020	RSSWIFI	d8:84:66:be:3f:e0	Byod	5240	-91
1624218712020	RSSWIFI	d8:84:66:be:40:b1	Byod	5180	-91
1624218712020	RSSWIFI	d8:84:66:be:40:a0	eduroam	5180	-91
1624218712020	RSSWIFI	d8:84:66:be:40:60	Byod	5180	-91
1624218712020	RSSWIFI	d8:84:66:8f:8a:c2	Guest	5180	-92
1624218712020	RSSWIFI	d8:84:66:8f:8a:c0	Byod	5180	-92
1624218712020	RSSWIFI	d8:84:66:be:40:61	eduroam	5180	-92
1624218712020	RSSWIFI	8e:f5:a3:2c:b2:10	AndroidAP6248	2462	-92
1624218712020	RSSWIFI	d8:84:66:be:40:62	Guest	5180	-92
1624218712020	RSSWIFI	70:4f:57:89:ec:7f	TP-Link_5G	5180	-92
96232359	GYR	-0.24549866	0.10456848	-0.29148865
96232333	ACC	-0.05769348	-0.72424316	10.576736
96232354	ACC	0.03807068	-0.78889465	11.441055
96232374	ACC	-0.280365	-0.41778564	11.522446
96232394	ACC	-0.57484436	-0.1831665	10.677292
96232414	ACC	-0.5987854	-0.037109375	9.370071
96232434	ACC	-0.58203125	0.25976562	8.220856
96232439	GYR	0.066085815	0.07501221	-0.007583618
96232516	MAG	-5.4885864	12.690735	-41.43982
96232455	ACC	-0.7280731	0.42497253	8.137054
96232475	ACC	-0.5293579	0.16160583	9.295837
96232495	ACC	-0.28753662	0.041900635	10.081146
96232515	ACC	-0.23246765	0.029922485	10.124237
96232535	ACC	-0.37852478	-0.046691895	9.982986
96232520	GYR	0.14839172	0.14425659	0.1303711
96232616	MAG	-7.1380615	13.154602	-40.283203
96232601	GYR	-0.105148315	-0.0056915283	0.35913086
96232556	ACC	-0.8046875	-0.16160583	9.803421
96232576	ACC	-0.7328644	-0.39144897	10.026077
96232596	ACC	-0.29232788	-0.39863586	10.725189
96232616	ACC	-0.06248474	-0.6667938	11.484146
96232636	ACC	0.11228943	-0.52552795	11.397949
96232657	ACC	0.12666321	0.0059814453	10.215225
96232716	MAG	-6.8481445	10.98938	-42.279053
96232682	GYR	0.08073425	0.04411316	0.3045349
96232677	ACC	0.17694092	0.25257874	9.142609
96232697	ACC	0.17214966	0.42736816	8.383652
96232717	ACC	0.16256714	0.5135498	8.309433
96232737	ACC	0.3373413	0.48960876	9.106705
96232758	ACC	0.30622864	0.48960876	9.355698
96232778	ACC	0.09313965	0.49440002	9.087555
96232816	MAG	-7.7407837	12.690735	-40.419006
96232763	GYR	-0.0047454834	0.16183472	0.13783264
